PSHA Deaggregation. %contributions. site: Pago_Pago long: 170.710 W., lat: -14.300 N.
 Vs30(m/s)= 760.0 (Some  atten. models use Site Class not Vs30).     
NSHMP Petersen et al. dM=0.2 below
Return period:  2476 yrs. Exceedance PGA =0.1720   g. Weight * Computed_Rate_Ex 0.404E-03
#Pr[at least one eq with median motion>=PGA in 50 yrs]=0.00364
#This deaggregation corresponds to Mean Hazard w/all GMPEs 
DIST(KM) MAG(MW) ALL_EPS EPSILON>2  1<EPS<2 0<EPS<1 -1<EPS<0 -2<EPS<-1 EPS<-2
   13.4    5.05    3.143    1.211    1.605    0.327    0.000    0.000    0.000
   25.2    5.05    0.267    0.267    0.000    0.000    0.000    0.000    0.000
   13.7    5.20    6.333    1.892    3.537    0.904    0.000    0.000    0.000
   25.3    5.21    0.780    0.773    0.007    0.000    0.000    0.000    0.000
   34.1    5.21    0.107    0.107    0.000    0.000    0.000    0.000    0.000
   14.1    5.40    6.172    1.243    3.767    1.162    0.000    0.000    0.000
   25.4    5.40    1.130    0.995    0.136    0.000    0.000    0.000    0.000
   34.5    5.41    0.275    0.275    0.000    0.000    0.000    0.000    0.000
   14.4    5.60    5.625    0.789    3.429    1.378    0.029    0.000    0.000
   25.5    5.60    1.409    0.947    0.462    0.000    0.000    0.000    0.000
   34.9    5.61    0.503    0.499    0.005    0.000    0.000    0.000    0.000
   45.0    5.62    0.080    0.080    0.000    0.000    0.000    0.000    0.000
   14.7    5.80    4.820    0.498    2.630    1.630    0.063    0.000    0.000
   25.5    5.80    1.566    0.672    0.894    0.000    0.000    0.000    0.000
   35.1    5.80    0.725    0.652    0.073    0.000    0.000    0.000    0.000
   45.6    5.81    0.203    0.203    0.000    0.000    0.000    0.000    0.000
   14.5    6.00    4.405    0.332    1.935    1.997    0.141    0.000    0.000
   25.4    6.01    1.896    0.505    1.342    0.049    0.000    0.000    0.000
   35.3    6.00    0.879    0.619    0.260    0.000    0.000    0.000    0.000
   45.3    6.01    0.356    0.348    0.008    0.000    0.000    0.000    0.000
   55.2    6.02    0.115    0.115    0.000    0.000    0.000    0.000    0.000
   14.6    6.20    4.253    0.253    1.495    2.257    0.248    0.000    0.000
   25.4    6.19    1.940    0.345    1.408    0.187    0.000    0.000    0.000
   35.0    6.20    1.041    0.462    0.580    0.000    0.000    0.000    0.000
   44.7    6.20    0.514    0.428    0.086    0.000    0.000    0.000    0.000
   54.7    6.21    0.259    0.258    0.002    0.000    0.000    0.000    0.000
   64.8    6.21    0.094    0.094    0.000    0.000    0.000    0.000    0.000
   15.2    6.40    3.846    0.197    1.177    2.089    0.383    0.000    0.000
   26.1    6.40    1.701    0.215    1.096    0.390    0.000    0.000    0.000
   35.1    6.39    1.127    0.316    0.796    0.015    0.000    0.000    0.000
   44.8    6.40    0.699    0.406    0.294    0.000    0.000    0.000    0.000
   55.0    6.40    0.375    0.334    0.041    0.000    0.000    0.000    0.000
   65.0    6.41    0.173    0.173    0.000    0.000    0.000    0.000    0.000
   74.8    6.41    0.072    0.072    0.000    0.000    0.000    0.000    0.000
   15.6    6.60    3.286    0.145    0.867    1.781    0.491    0.002    0.000
   27.1    6.59    1.667    0.165    0.939    0.563    0.000    0.000    0.000
   36.1    6.60    0.936    0.179    0.690    0.066    0.000    0.000    0.000
   44.9    6.60    0.791    0.289    0.502    0.000    0.000    0.000    0.000
   55.3    6.60    0.487    0.333    0.153    0.000    0.000    0.000    0.000
   65.2    6.60    0.236    0.216    0.020    0.000    0.000    0.000    0.000
   74.7    6.61    0.142    0.142    0.000    0.000    0.000    0.000    0.000
   85.0    6.61    0.071    0.071    0.000    0.000    0.000    0.000    0.000
   16.4    6.80    2.964    0.119    0.714    1.610    0.517    0.004    0.000
   28.5    6.80    1.206    0.097    0.577    0.531    0.000    0.000    0.000
   37.3    6.80    0.991    0.139    0.696    0.156    0.000    0.000    0.000
   46.2    6.80    0.760    0.189    0.553    0.018    0.000    0.000    0.000
   55.6    6.80    0.466    0.209    0.257    0.000    0.000    0.000    0.000
   64.6    6.80    0.346    0.247    0.099    0.000    0.000    0.000    0.000
   74.5    6.80    0.231    0.209    0.022    0.000    0.000    0.000    0.000
   84.9    6.80    0.113    0.113    0.000    0.000    0.000    0.000    0.000
   94.5    6.81    0.056    0.056    0.000    0.000    0.000    0.000    0.000
   15.9    7.00    2.150    0.075    0.451    1.106    0.509    0.009    0.000
   27.2    7.00    1.101    0.066    0.394    0.626    0.015    0.000    0.000
   36.6    7.00    1.100    0.109    0.628    0.364    0.000    0.000    0.000
   46.6    7.00    0.749    0.127    0.558    0.064    0.000    0.000    0.000
   56.3    7.00    0.561    0.163    0.394    0.003    0.000    0.000    0.000
   66.0    7.00    0.378    0.186    0.193    0.000    0.000    0.000    0.000
   75.4    7.00    0.242    0.180    0.061    0.000    0.000    0.000    0.000
   84.8    7.00    0.156    0.141    0.015    0.000    0.000    0.000    0.000
   94.6    7.01    0.106    0.105    0.001    0.000    0.000    0.000    0.000
  113.8    7.02    0.061    0.060    0.000    0.000    0.000    0.000    0.000
   15.5    7.20    1.500    0.048    0.285    0.714    0.443    0.011    0.000
   26.3    7.20    1.135    0.055    0.328    0.687    0.065    0.000    0.000
   35.9    7.19    0.922    0.068    0.404    0.449    0.000    0.000    0.000
   46.0    7.20    0.763    0.088    0.490    0.184    0.000    0.000    0.000
   55.6    7.20    0.620    0.115    0.466    0.038    0.000    0.000    0.000
   65.7    7.20    0.419    0.127    0.291    0.001    0.000    0.000    0.000
   75.4    7.20    0.326    0.155    0.171    0.000    0.000    0.000    0.000
   85.5    7.20    0.220    0.159    0.061    0.000    0.000    0.000    0.000
   95.4    7.20    0.125    0.111    0.014    0.000    0.000    0.000    0.000
  115.2    7.21    0.176    0.175    0.001    0.000    0.000    0.000    0.000
   16.5    7.40    0.414    0.013    0.076    0.191    0.129    0.004    0.000
   26.3    7.40    0.360    0.015    0.091    0.213    0.041    0.000    0.000
   35.8    7.40    0.399    0.024    0.141    0.229    0.006    0.000    0.000
   46.0    7.39    0.351    0.031    0.182    0.139    0.000    0.000    0.000
   55.3    7.40    0.265    0.033    0.181    0.050    0.000    0.000    0.000
   65.5    7.40    0.272    0.053    0.205    0.014    0.000    0.000    0.000
   75.4    7.40    0.196    0.059    0.137    0.000    0.000    0.000    0.000
   85.1    7.41    0.133    0.059    0.074    0.000    0.000    0.000    0.000
   95.3    7.40    0.103    0.069    0.035    0.000    0.000    0.000    0.000
  118.2    7.41    0.180    0.169    0.012    0.000    0.000    0.000    0.000
   16.9    7.59    0.286    0.009    0.051    0.129    0.094    0.003    0.000
   27.2    7.60    0.351    0.014    0.082    0.200    0.055    0.000    0.000
   36.6    7.60    0.334    0.017    0.102    0.203    0.012    0.000    0.000
   46.5    7.61    0.310    0.021    0.128    0.160    0.000    0.000    0.000
   56.0    7.59    0.293    0.028    0.166    0.100    0.000    0.000    0.000
   66.0    7.61    0.254    0.034    0.181    0.039    0.000    0.000    0.000
   75.8    7.60    0.218    0.043    0.165    0.010    0.000    0.000    0.000
   85.6    7.60    0.143    0.041    0.101    0.000    0.000    0.000    0.000
   95.5    7.61    0.120    0.050    0.070    0.000    0.000    0.000    0.000
  119.0    7.60    0.174    0.156    0.019    0.000    0.000    0.000    0.000
  120.7    7.60    0.097    0.061    0.035    0.000    0.000    0.000    0.000
  156.8    7.62    0.055    0.029    0.019    0.007    0.000    0.000    0.000
   16.9    7.79    0.189    0.005    0.032    0.082    0.066    0.003    0.000
   27.7    7.80    0.278    0.010    0.060    0.150    0.059    0.000    0.000
   36.7    7.80    0.289    0.013    0.077    0.178    0.021    0.000    0.000
   45.8    7.80    0.306    0.017    0.103    0.181    0.005    0.000    0.000
   55.6    7.80    0.289    0.021    0.127    0.141    0.000    0.000    0.000
   65.6    7.80    0.262    0.026    0.151    0.085    0.000    0.000    0.000
   75.1    7.81    0.206    0.027    0.146    0.033    0.000    0.000    0.000
   85.1    7.79    0.169    0.032    0.128    0.009    0.000    0.000    0.000
   95.3    7.81    0.142    0.037    0.104    0.001    0.000    0.000    0.000
  121.1    7.80    0.359    0.218    0.141    0.001    0.000    0.000    0.000
  156.7    7.81    0.106    0.045    0.029    0.031    0.001    0.000    0.000
  176.2    7.80    0.068    0.009    0.046    0.014    0.000    0.000    0.000
   17.0    7.99    0.123    0.003    0.021    0.052    0.045    0.003    0.000
   27.7    8.00    0.190    0.006    0.038    0.096    0.050    0.000    0.000
   36.8    8.00    0.216    0.009    0.052    0.125    0.030    0.000    0.000
   46.5    8.00    0.328    0.016    0.096    0.202    0.013    0.000    0.000
   56.3    8.00    0.244    0.015    0.089    0.139    0.001    0.000    0.000
   65.4    7.99    0.257    0.020    0.118    0.119    0.000    0.000    0.000
   75.3    8.01    0.204    0.020    0.116    0.068    0.000    0.000    0.000
   85.6    8.00    0.195    0.026    0.138    0.031    0.000    0.000    0.000
   95.4    8.01    0.149    0.026    0.113    0.010    0.000    0.000    0.000
  121.8    8.00    0.470    0.197    0.270    0.003    0.001    0.000    0.000
  155.0    8.00    0.146    0.028    0.039    0.072    0.007    0.000    0.000
  242.4    7.97    0.073    0.073    0.000    0.000    0.000    0.000    0.000
   27.7    8.15    0.070    0.002    0.013    0.034    0.021    0.000    0.000
   36.9    8.15    0.082    0.003    0.018    0.045    0.015    0.000    0.000
   46.5    8.15    0.128    0.006    0.034    0.079    0.010    0.000    0.000
   56.8    8.15    0.134    0.007    0.043    0.081    0.003    0.000    0.000
   66.3    8.15    0.128    0.008    0.051    0.069    0.000    0.000    0.000
   75.4    8.15    0.089    0.007    0.043    0.039    0.000    0.000    0.000
   85.3    8.15    0.112    0.012    0.066    0.034    0.000    0.000    0.000
   95.8    8.15    0.084    0.011    0.061    0.012    0.000    0.000    0.000
  121.2    8.15    0.278    0.084    0.187    0.006    0.000    0.000    0.000
  152.8    8.15    0.069    0.003    0.019    0.041    0.006    0.000    0.000
  242.5    8.16    0.231    0.231    0.000    0.000    0.000    0.000    0.000
  242.6    8.36    0.431    0.431    0.000    0.000    0.000    0.000    0.000
  260.7    8.40    0.053    0.053    0.000    0.000    0.000    0.000    0.000
  242.7    8.57    0.724    0.559    0.166    0.000    0.000    0.000    0.000
  242.5    8.86    0.523    0.123    0.399    0.000    0.000    0.000    0.000
  267.8    8.76    0.352    0.276    0.076    0.000    0.000    0.000    0.000
  242.6    8.91    0.495    0.334    0.161    0.000    0.000    0.000    0.000
  257.9    8.95    0.154    0.082    0.072    0.000    0.000    0.000    0.000

Summary statistics for above PSHA PGA  deaggregation, R=distance, e=epsilon:
Contribution from this GMPE(%):  100.0
 Mean src-site R=   37.5 km; M= 6.41; eps0=   0.77. Mean calculated for all sources.
Modal src-site R=   13.7 km; M= 5.20; eps0=   1.00 from peak (R,M) bin
 MODE R*=  14.5km; M*= 5.40; EPS.INTERVAL: 1 to 2 sigma  % CONTRIB.=  3.767

Principal sources ( Subduction, random seismicity OR having >10% contribution)
Source Category:                 % contr.  R(km)    M   epsilon0 (mean values).
Shallow Background Eqs             69.23    24.2   6.15    0.72
Tonga Outer Rise                   26.92    43.0   6.76    0.78
#*********End of deaggregation corresponding to Mean Hazard w/all GMPEs  *********#

