#Pgm hazallXL.v2.f (harmsen) sums  7 hazard curves with site Vs30  760.0
#Long  Lat  SA(g) for spectral period  1.000 Rex 4.0400E-04
 -170.890 -14.210 1.37783E-01
 -170.880 -14.210 1.36478E-01
 -170.870 -14.210 1.36100E-01
 -170.860 -14.210 1.36026E-01
 -170.850 -14.210 1.35359E-01
 -170.840 -14.210 1.34711E-01
 -170.830 -14.210 1.33736E-01
 -170.820 -14.210 1.33458E-01
 -170.810 -14.210 1.32859E-01
 -170.800 -14.210 1.32610E-01
 -170.790 -14.210 1.32163E-01
 -170.780 -14.210 1.31079E-01
 -170.770 -14.210 1.30618E-01
 -170.760 -14.210 1.30568E-01
 -170.750 -14.210 1.29841E-01
 -170.740 -14.210 1.29307E-01
 -170.730 -14.210 1.28444E-01
 -170.720 -14.210 1.28251E-01
 -170.710 -14.210 1.27676E-01
 -170.700 -14.210 1.27332E-01
 -170.690 -14.210 1.27001E-01
 -170.680 -14.210 1.26076E-01
 -170.670 -14.210 1.25636E-01
 -170.660 -14.210 1.25476E-01
 -170.650 -14.210 1.24666E-01
 -170.640 -14.210 1.24431E-01
 -170.630 -14.210 1.23697E-01
 -170.620 -14.210 1.23512E-01
 -170.610 -14.210 1.23010E-01
 -170.600 -14.210 1.22553E-01
 -170.590 -14.210 1.22354E-01
 -170.580 -14.210 1.21618E-01
 -170.570 -14.210 1.21163E-01
 -170.560 -14.210 1.21035E-01
 -170.890 -14.220 1.37982E-01
 -170.880 -14.220 1.37523E-01
 -170.870 -14.220 1.36620E-01
 -170.860 -14.220 1.36872E-01
 -170.850 -14.220 1.36156E-01
 -170.840 -14.220 1.35371E-01
 -170.830 -14.220 1.34481E-01
 -170.820 -14.220 1.34114E-01
 -170.810 -14.220 1.33695E-01
 -170.800 -14.220 1.33040E-01
 -170.790 -14.220 1.32369E-01
 -170.780 -14.220 1.31771E-01
 -170.770 -14.220 1.31062E-01
 -170.760 -14.220 1.31102E-01
 -170.750 -14.220 1.30572E-01
 -170.740 -14.220 1.29860E-01
 -170.730 -14.220 1.29129E-01
 -170.720 -14.220 1.28690E-01
 -170.710 -14.220 1.28309E-01
 -170.700 -14.220 1.27526E-01
 -170.690 -14.220 1.27192E-01
 -170.680 -14.220 1.26631E-01
 -170.670 -14.220 1.26035E-01
 -170.660 -14.220 1.26024E-01
 -170.650 -14.220 1.25491E-01
 -170.640 -14.220 1.24865E-01
 -170.630 -14.220 1.24279E-01
 -170.620 -14.220 1.23864E-01
 -170.610 -14.220 1.23508E-01
 -170.600 -14.220 1.22842E-01
 -170.590 -14.220 1.22561E-01
 -170.580 -14.220 1.22030E-01
 -170.570 -14.220 1.21527E-01
 -170.560 -14.220 1.21489E-01
 -170.890 -14.230 1.39016E-01
 -170.880 -14.230 1.38202E-01
 -170.870 -14.230 1.37464E-01
 -170.860 -14.230 1.36937E-01
 -170.850 -14.230 1.36495E-01
 -170.840 -14.230 1.35875E-01
 -170.830 -14.230 1.35187E-01
 -170.820 -14.230 1.34460E-01
 -170.810 -14.230 1.34086E-01
 -170.800 -14.230 1.33615E-01
 -170.790 -14.230 1.33075E-01
 -170.780 -14.230 1.32469E-01
 -170.770 -14.230 1.31667E-01
 -170.760 -14.230 1.31229E-01
 -170.750 -14.230 1.30703E-01
 -170.740 -14.230 1.30334E-01
 -170.730 -14.230 1.29731E-01
 -170.720 -14.230 1.29059E-01
 -170.710 -14.230 1.28729E-01
 -170.700 -14.230 1.28282E-01
 -170.690 -14.230 1.27679E-01
 -170.680 -14.230 1.27168E-01
 -170.670 -14.230 1.26472E-01
 -170.660 -14.230 1.26054E-01
 -170.650 -14.230 1.25549E-01
 -170.640 -14.230 1.25296E-01
 -170.630 -14.230 1.24727E-01
 -170.620 -14.230 1.24199E-01
 -170.610 -14.230 1.23910E-01
 -170.600 -14.230 1.23308E-01
 -170.590 -14.230 1.22937E-01
 -170.580 -14.230 1.22481E-01
 -170.570 -14.230 1.21876E-01
 -170.560 -14.230 1.21471E-01
 -170.890 -14.240 1.40774E-01
 -170.880 -14.240 1.39248E-01
 -170.870 -14.240 1.38150E-01
 -170.860 -14.240 1.38440E-01
 -170.850 -14.240 1.37188E-01
 -170.840 -14.240 1.36733E-01
 -170.830 -14.240 1.35706E-01
 -170.820 -14.240 1.35485E-01
 -170.810 -14.240 1.34630E-01
 -170.800 -14.240 1.34411E-01
 -170.790 -14.240 1.34766E-01
 -170.780 -14.240 1.33364E-01
 -170.770 -14.240 1.32370E-01
 -170.760 -14.240 1.32418E-01
 -170.750 -14.240 1.31445E-01
 -170.740 -14.240 1.31053E-01
 -170.730 -14.240 1.30090E-01
 -170.720 -14.240 1.29947E-01
 -170.710 -14.240 1.29200E-01
 -170.700 -14.240 1.28823E-01
 -170.690 -14.240 1.29105E-01
 -170.680 -14.240 1.27993E-01
 -170.670 -14.240 1.27059E-01
 -170.660 -14.240 1.27046E-01
 -170.650 -14.240 1.26232E-01
 -170.640 -14.240 1.25705E-01
 -170.630 -14.240 1.25091E-01
 -170.620 -14.240 1.24944E-01
 -170.610 -14.240 1.24298E-01
 -170.600 -14.240 1.23974E-01
 -170.590 -14.240 1.24133E-01
 -170.580 -14.240 1.23077E-01
 -170.570 -14.240 1.22309E-01
 -170.560 -14.240 1.22294E-01
 -170.890 -14.250 1.41306E-01
 -170.880 -14.250 1.40285E-01
 -170.870 -14.250 1.40323E-01
 -170.860 -14.250 1.38061E-01
 -170.850 -14.250 1.37158E-01
 -170.840 -14.250 1.37279E-01
 -170.830 -14.250 1.36799E-01
 -170.820 -14.250 1.36369E-01
 -170.810 -14.250 1.36242E-01
 -170.800 -14.250 1.34496E-01
 -170.790 -14.250 1.35212E-01
 -170.780 -14.250 1.34047E-01
 -170.770 -14.250 1.34218E-01
 -170.760 -14.250 1.32225E-01
 -170.750 -14.250 1.31483E-01
 -170.740 -14.250 1.31496E-01
 -170.730 -14.250 1.31045E-01
 -170.720 -14.250 1.30703E-01
 -170.710 -14.250 1.30410E-01
 -170.700 -14.250 1.29059E-01
 -170.690 -14.250 1.29515E-01
 -170.680 -14.250 1.28494E-01
 -170.670 -14.250 1.28601E-01
 -170.660 -14.250 1.26923E-01
 -170.650 -14.250 1.26270E-01
 -170.640 -14.250 1.26262E-01
 -170.630 -14.250 1.25827E-01
 -170.620 -14.250 1.25502E-01
 -170.610 -14.250 1.25321E-01
 -170.600 -14.250 1.24127E-01
 -170.590 -14.250 1.24222E-01
 -170.580 -14.250 1.23534E-01
 -170.570 -14.250 1.23593E-01
 -170.560 -14.250 1.22191E-01
 -170.890 -14.260 1.41326E-01
 -170.880 -14.260 1.40844E-01
 -170.870 -14.260 1.39904E-01
 -170.860 -14.260 1.38950E-01
 -170.850 -14.260 1.38446E-01
 -170.840 -14.260 1.38078E-01
 -170.830 -14.260 1.37068E-01
 -170.820 -14.260 1.36812E-01
 -170.810 -14.260 1.36457E-01
 -170.800 -14.260 1.35809E-01
 -170.790 -14.260 1.35050E-01
 -170.780 -14.260 1.34429E-01
 -170.770 -14.260 1.33914E-01
 -170.760 -14.260 1.33053E-01
 -170.750 -14.260 1.32522E-01
 -170.740 -14.260 1.32138E-01
 -170.730 -14.260 1.31246E-01
 -170.720 -14.260 1.31148E-01
 -170.710 -14.260 1.30732E-01
 -170.700 -14.260 1.30014E-01
 -170.690 -14.260 1.29388E-01
 -170.680 -14.260 1.28893E-01
 -170.670 -14.260 1.28409E-01
 -170.660 -14.260 1.27653E-01
 -170.650 -14.260 1.27173E-01
 -170.640 -14.260 1.26726E-01
 -170.630 -14.260 1.26070E-01
 -170.620 -14.260 1.25987E-01
 -170.610 -14.260 1.25528E-01
 -170.600 -14.260 1.24902E-01
 -170.590 -14.260 1.24424E-01
 -170.580 -14.260 1.23939E-01
 -170.570 -14.260 1.23498E-01
 -170.560 -14.260 1.22877E-01
 -170.890 -14.270 1.42580E-01
 -170.880 -14.270 1.41375E-01
 -170.870 -14.270 1.40773E-01
 -170.860 -14.270 1.39813E-01
 -170.850 -14.270 1.39160E-01
 -170.840 -14.270 1.38527E-01
 -170.830 -14.270 1.38452E-01
 -170.820 -14.270 1.37597E-01
 -170.810 -14.270 1.36979E-01
 -170.800 -14.270 1.36606E-01
 -170.790 -14.270 1.36144E-01
 -170.780 -14.270 1.35115E-01
 -170.770 -14.270 1.34489E-01
 -170.760 -14.270 1.33750E-01
 -170.750 -14.270 1.33016E-01
 -170.740 -14.270 1.32576E-01
 -170.730 -14.270 1.32276E-01
 -170.720 -14.270 1.31677E-01
 -170.710 -14.270 1.31055E-01
 -170.700 -14.270 1.30775E-01
 -170.690 -14.270 1.30092E-01
 -170.680 -14.270 1.29450E-01
 -170.670 -14.270 1.28879E-01
 -170.660 -14.270 1.28224E-01
 -170.650 -14.270 1.27546E-01
 -170.640 -14.270 1.27185E-01
 -170.630 -14.270 1.26780E-01
 -170.620 -14.270 1.26402E-01
 -170.610 -14.270 1.25802E-01
 -170.600 -14.270 1.25520E-01
 -170.590 -14.270 1.24967E-01
 -170.580 -14.270 1.24392E-01
 -170.570 -14.270 1.23808E-01
 -170.560 -14.270 1.23362E-01
 -170.890 -14.280 1.42824E-01
 -170.880 -14.280 1.42554E-01
 -170.870 -14.280 1.41381E-01
 -170.860 -14.280 1.41398E-01
 -170.850 -14.280 1.40280E-01
 -170.840 -14.280 1.39616E-01
 -170.830 -14.280 1.38884E-01
 -170.820 -14.280 1.38159E-01
 -170.810 -14.280 1.38157E-01
 -170.800 -14.280 1.37541E-01
 -170.790 -14.280 1.36521E-01
 -170.780 -14.280 1.36135E-01
 -170.770 -14.280 1.35120E-01
 -170.760 -14.280 1.35007E-01
 -170.750 -14.280 1.33972E-01
 -170.740 -14.280 1.33525E-01
 -170.730 -14.280 1.32793E-01
 -170.720 -14.280 1.32047E-01
 -170.710 -14.280 1.32000E-01
 -170.700 -14.280 1.31243E-01
 -170.690 -14.280 1.30584E-01
 -170.680 -14.280 1.30244E-01
 -170.670 -14.280 1.29399E-01
 -170.660 -14.280 1.29282E-01
 -170.650 -14.280 1.28347E-01
 -170.640 -14.280 1.27903E-01
 -170.630 -14.280 1.27328E-01
 -170.620 -14.280 1.26680E-01
 -170.610 -14.280 1.26640E-01
 -170.600 -14.280 1.26051E-01
 -170.590 -14.280 1.25404E-01
 -170.580 -14.280 1.25041E-01
 -170.570 -14.280 1.24381E-01
 -170.560 -14.280 1.24153E-01
 -170.890 -14.290 1.43987E-01
 -170.880 -14.290 1.42932E-01
 -170.870 -14.290 1.42091E-01
 -170.860 -14.290 1.41455E-01
 -170.850 -14.290 1.41386E-01
 -170.840 -14.290 1.41347E-01
 -170.830 -14.290 1.40354E-01
 -170.820 -14.290 1.39370E-01
 -170.810 -14.290 1.38877E-01
 -170.800 -14.290 1.37995E-01
 -170.790 -14.290 1.37286E-01
 -170.780 -14.290 1.36539E-01
 -170.770 -14.290 1.35801E-01
 -170.760 -14.290 1.35209E-01
 -170.750 -14.290 1.34860E-01
 -170.740 -14.290 1.34993E-01
 -170.730 -14.290 1.34023E-01
 -170.720 -14.290 1.33193E-01
 -170.710 -14.290 1.32729E-01
 -170.700 -14.290 1.31910E-01
 -170.690 -14.290 1.31226E-01
 -170.680 -14.290 1.30665E-01
 -170.670 -14.290 1.29972E-01
 -170.660 -14.290 1.29474E-01
 -170.650 -14.290 1.28855E-01
 -170.640 -14.290 1.29043E-01
 -170.630 -14.290 1.28269E-01
 -170.620 -14.290 1.27623E-01
 -170.610 -14.290 1.27248E-01
 -170.600 -14.290 1.26492E-01
 -170.590 -14.290 1.25918E-01
 -170.580 -14.290 1.25443E-01
 -170.570 -14.290 1.24842E-01
 -170.560 -14.290 1.24394E-01
 -170.890 -14.300 1.44943E-01
 -170.880 -14.300 1.43737E-01
 -170.870 -14.300 1.43317E-01
 -170.860 -14.300 1.43687E-01
 -170.850 -14.300 1.41135E-01
 -170.840 -14.300 1.42415E-01
 -170.830 -14.300 1.41387E-01
 -170.820 -14.300 1.40017E-01
 -170.810 -14.300 1.39174E-01
 -170.800 -14.300 1.38277E-01
 -170.790 -14.300 1.38354E-01
 -170.780 -14.300 1.37301E-01
 -170.770 -14.300 1.36451E-01
 -170.760 -14.300 1.36887E-01
 -170.750 -14.300 1.34886E-01
 -170.740 -14.300 1.35782E-01
 -170.730 -14.300 1.34907E-01
 -170.720 -14.300 1.33684E-01
 -170.710 -14.300 1.32883E-01
 -170.700 -14.300 1.32242E-01
 -170.690 -14.300 1.32205E-01
 -170.680 -14.300 1.31343E-01
 -170.670 -14.300 1.30425E-01
 -170.660 -14.300 1.30740E-01
 -170.650 -14.300 1.29209E-01
 -170.640 -14.300 1.29890E-01
 -170.630 -14.300 1.28960E-01
 -170.620 -14.300 1.27944E-01
 -170.610 -14.300 1.27361E-01
 -170.600 -14.300 1.26867E-01
 -170.590 -14.300 1.26732E-01
 -170.580 -14.300 1.25996E-01
 -170.570 -14.300 1.25212E-01
 -170.560 -14.300 1.25486E-01
 -170.890 -14.310 1.45835E-01
 -170.880 -14.310 1.44549E-01
 -170.870 -14.310 1.43812E-01
 -170.860 -14.310 1.43922E-01
 -170.850 -14.310 1.43067E-01
 -170.840 -14.310 1.42134E-01
 -170.830 -14.310 1.41232E-01
 -170.820 -14.310 1.40698E-01
 -170.810 -14.310 1.40390E-01
 -170.800 -14.310 1.39786E-01
 -170.790 -14.310 1.39004E-01
 -170.780 -14.310 1.37979E-01
 -170.770 -14.310 1.37180E-01
 -170.760 -14.310 1.36849E-01
 -170.750 -14.310 1.36140E-01
 -170.740 -14.310 1.35606E-01
 -170.730 -14.310 1.34769E-01
 -170.720 -14.310 1.34324E-01
 -170.710 -14.310 1.33790E-01
 -170.700 -14.310 1.33189E-01
 -170.690 -14.310 1.32722E-01
 -170.680 -14.310 1.31919E-01
 -170.670 -14.310 1.31097E-01
 -170.660 -14.310 1.30686E-01
 -170.650 -14.310 1.29905E-01
 -170.640 -14.310 1.29697E-01
 -170.630 -14.310 1.29034E-01
 -170.620 -14.310 1.28611E-01
 -170.610 -14.310 1.28091E-01
 -170.600 -14.310 1.27494E-01
 -170.590 -14.310 1.27178E-01
 -170.580 -14.310 1.26496E-01
 -170.570 -14.310 1.25770E-01
 -170.560 -14.310 1.25427E-01
 -170.890 -14.320 1.46016E-01
 -170.880 -14.320 1.45659E-01
 -170.870 -14.320 1.44473E-01
 -170.860 -14.320 1.44619E-01
 -170.850 -14.320 1.43826E-01
 -170.840 -14.320 1.42854E-01
 -170.830 -14.320 1.41881E-01
 -170.820 -14.320 1.41436E-01
 -170.810 -14.320 1.40798E-01
 -170.800 -14.320 1.40661E-01
 -170.790 -14.320 1.39241E-01
 -170.780 -14.320 1.38700E-01
 -170.770 -14.320 1.37672E-01
 -170.760 -14.320 1.37868E-01
 -170.750 -14.320 1.36844E-01
 -170.740 -14.320 1.36080E-01
 -170.730 -14.320 1.35397E-01
 -170.720 -14.320 1.34938E-01
 -170.710 -14.320 1.34386E-01
 -170.700 -14.320 1.33632E-01
 -170.690 -14.320 1.32931E-01
 -170.680 -14.320 1.32312E-01
 -170.670 -14.320 1.31603E-01
 -170.660 -14.320 1.31518E-01
 -170.650 -14.320 1.30612E-01
 -170.640 -14.320 1.30041E-01
 -170.630 -14.320 1.29509E-01
 -170.620 -14.320 1.29021E-01
 -170.610 -14.320 1.28504E-01
 -170.600 -14.320 1.27806E-01
 -170.590 -14.320 1.27389E-01
 -170.580 -14.320 1.26797E-01
 -170.570 -14.320 1.26193E-01
 -170.560 -14.320 1.26098E-01
 -170.890 -14.330 1.47078E-01
 -170.880 -14.330 1.45918E-01
 -170.870 -14.330 1.45559E-01
 -170.860 -14.330 1.44772E-01
 -170.850 -14.330 1.44173E-01
 -170.840 -14.330 1.43437E-01
 -170.830 -14.330 1.42664E-01
 -170.820 -14.330 1.41831E-01
 -170.810 -14.330 1.41384E-01
 -170.800 -14.330 1.40693E-01
 -170.790 -14.330 1.40359E-01
 -170.780 -14.330 1.39094E-01
 -170.770 -14.330 1.38419E-01
 -170.760 -14.330 1.37816E-01
 -170.750 -14.330 1.37269E-01
 -170.740 -14.330 1.36687E-01
 -170.730 -14.330 1.36046E-01
 -170.720 -14.330 1.35199E-01
 -170.710 -14.330 1.34784E-01
 -170.700 -14.330 1.34133E-01
 -170.690 -14.330 1.33905E-01
 -170.680 -14.330 1.32731E-01
 -170.670 -14.330 1.32063E-01
 -170.660 -14.330 1.31568E-01
 -170.650 -14.330 1.31006E-01
 -170.640 -14.330 1.30591E-01
 -170.630 -14.330 1.30006E-01
 -170.620 -14.330 1.29326E-01
 -170.610 -14.330 1.28931E-01
 -170.600 -14.330 1.28342E-01
 -170.590 -14.330 1.27933E-01
 -170.580 -14.330 1.27169E-01
 -170.570 -14.330 1.26524E-01
 -170.560 -14.330 1.26026E-01
 -170.890 -14.340 1.48837E-01
 -170.880 -14.340 1.47813E-01
 -170.870 -14.340 1.46530E-01
 -170.860 -14.340 1.46366E-01
 -170.850 -14.340 1.44999E-01
 -170.840 -14.340 1.44367E-01
 -170.830 -14.340 1.43170E-01
 -170.820 -14.340 1.42820E-01
 -170.810 -14.340 1.42119E-01
 -170.800 -14.340 1.41911E-01
 -170.790 -14.340 1.41872E-01
 -170.780 -14.340 1.40795E-01
 -170.770 -14.340 1.39156E-01
 -170.760 -14.340 1.39426E-01
 -170.750 -14.340 1.37930E-01
 -170.740 -14.340 1.37522E-01
 -170.730 -14.340 1.36283E-01
 -170.720 -14.340 1.36113E-01
 -170.710 -14.340 1.35185E-01
 -170.700 -14.340 1.34949E-01
 -170.690 -14.340 1.34971E-01
 -170.680 -14.340 1.34048E-01
 -170.670 -14.340 1.32710E-01
 -170.660 -14.340 1.32877E-01
 -170.650 -14.340 1.31622E-01
 -170.640 -14.340 1.31259E-01
 -170.630 -14.340 1.30312E-01
 -170.620 -14.340 1.30047E-01
 -170.610 -14.340 1.29331E-01
 -170.600 -14.340 1.29099E-01
 -170.590 -14.340 1.29044E-01
 -170.580 -14.340 1.28246E-01
 -170.570 -14.340 1.27059E-01
 -170.560 -14.340 1.27141E-01
 -170.890 -14.350 1.50136E-01
 -170.880 -14.350 1.48631E-01
 -170.870 -14.350 1.48311E-01
 -170.860 -14.350 1.46486E-01
 -170.850 -14.350 1.44766E-01
 -170.840 -14.350 1.44900E-01
 -170.830 -14.350 1.44482E-01
 -170.820 -14.350 1.43738E-01
 -170.810 -14.350 1.43778E-01
 -170.800 -14.350 1.41603E-01
 -170.790 -14.350 1.42502E-01
 -170.780 -14.350 1.41258E-01
 -170.770 -14.350 1.41303E-01
 -170.760 -14.350 1.39152E-01
 -170.750 -14.350 1.37928E-01
 -170.740 -14.350 1.38034E-01
 -170.730 -14.350 1.37486E-01
 -170.720 -14.350 1.36795E-01
 -170.710 -14.350 1.36786E-01
 -170.700 -14.350 1.35009E-01
 -170.690 -14.350 1.35684E-01
 -170.680 -14.350 1.34389E-01
 -170.670 -14.350 1.34579E-01
 -170.660 -14.350 1.32742E-01
 -170.650 -14.350 1.31635E-01
 -170.640 -14.350 1.31705E-01
 -170.630 -14.350 1.31152E-01
 -170.620 -14.350 1.30662E-01
 -170.610 -14.350 1.30576E-01
 -170.600 -14.350 1.29019E-01
 -170.590 -14.350 1.29490E-01
 -170.580 -14.350 1.28379E-01
 -170.570 -14.350 1.28527E-01
 -170.560 -14.350 1.27002E-01
 -170.890 -14.360 1.49507E-01
 -170.880 -14.360 1.48898E-01
 -170.870 -14.360 1.47766E-01
 -170.860 -14.360 1.46989E-01
 -170.850 -14.360 1.46435E-01
 -170.840 -14.360 1.45563E-01
 -170.830 -14.360 1.44803E-01
 -170.820 -14.360 1.44386E-01
 -170.810 -14.360 1.43878E-01
 -170.800 -14.360 1.43263E-01
 -170.790 -14.360 1.42232E-01
 -170.780 -14.360 1.41773E-01
 -170.770 -14.360 1.40677E-01
 -170.760 -14.360 1.39714E-01
 -170.750 -14.360 1.39097E-01
 -170.740 -14.360 1.38484E-01
 -170.730 -14.360 1.37573E-01
 -170.720 -14.360 1.37361E-01
 -170.710 -14.360 1.36965E-01
 -170.700 -14.360 1.36346E-01
 -170.690 -14.360 1.35277E-01
 -170.680 -14.360 1.34869E-01
 -170.670 -14.360 1.34074E-01
 -170.660 -14.360 1.33202E-01
 -170.650 -14.360 1.32615E-01
 -170.640 -14.360 1.32071E-01
 -170.630 -14.360 1.31254E-01
 -170.620 -14.360 1.31196E-01
 -170.610 -14.360 1.30774E-01
 -170.600 -14.360 1.30178E-01
 -170.590 -14.360 1.29315E-01
 -170.580 -14.360 1.28793E-01
 -170.570 -14.360 1.28218E-01
 -170.560 -14.360 1.27495E-01
 -170.890 -14.370 1.50808E-01
 -170.880 -14.370 1.49642E-01
 -170.870 -14.370 1.48580E-01
 -170.860 -14.370 1.47792E-01
 -170.850 -14.370 1.46868E-01
 -170.840 -14.370 1.46127E-01
 -170.830 -14.370 1.46093E-01
 -170.820 -14.370 1.45071E-01
 -170.810 -14.370 1.44997E-01
 -170.800 -14.370 1.43918E-01
 -170.790 -14.370 1.43329E-01
 -170.780 -14.370 1.42200E-01
 -170.770 -14.370 1.41458E-01
 -170.760 -14.370 1.40445E-01
 -170.750 -14.370 1.39727E-01
 -170.740 -14.370 1.39174E-01
 -170.730 -14.370 1.38975E-01
 -170.720 -14.370 1.38029E-01
 -170.710 -14.370 1.37710E-01
 -170.700 -14.370 1.36892E-01
 -170.690 -14.370 1.36115E-01
 -170.680 -14.370 1.35333E-01
 -170.670 -14.370 1.34657E-01
 -170.660 -14.370 1.33911E-01
 -170.650 -14.370 1.33094E-01
 -170.640 -14.370 1.32678E-01
 -170.630 -14.370 1.32294E-01
 -170.620 -14.370 1.31638E-01
 -170.610 -14.370 1.31146E-01
 -170.600 -14.370 1.30481E-01
 -170.590 -14.370 1.29737E-01
 -170.580 -14.370 1.29253E-01
 -170.570 -14.370 1.28651E-01
 -170.560 -14.370 1.28030E-01
 -170.890 -14.380 1.51045E-01
 -170.880 -14.380 1.50577E-01
 -170.870 -14.380 1.49467E-01
 -170.860 -14.380 1.49353E-01
 -170.850 -14.380 1.47857E-01
 -170.840 -14.380 1.47925E-01
 -170.830 -14.380 1.46572E-01
 -170.820 -14.380 1.45775E-01
 -170.810 -14.380 1.45374E-01
 -170.800 -14.380 1.44907E-01
 -170.790 -14.380 1.43730E-01
 -170.780 -14.380 1.43352E-01
 -170.770 -14.380 1.42180E-01
 -170.760 -14.380 1.42127E-01
 -170.750 -14.380 1.40735E-01
 -170.740 -14.380 1.40862E-01
 -170.730 -14.380 1.39382E-01
 -170.720 -14.380 1.38356E-01
 -170.710 -14.380 1.38093E-01
 -170.700 -14.380 1.37685E-01
 -170.690 -14.380 1.36634E-01
 -170.680 -14.380 1.36151E-01
 -170.670 -14.380 1.35177E-01
 -170.660 -14.380 1.35080E-01
 -170.650 -14.380 1.33933E-01
 -170.640 -14.380 1.33812E-01
 -170.630 -14.380 1.32768E-01
 -170.620 -14.380 1.31937E-01
 -170.610 -14.380 1.31652E-01
 -170.600 -14.380 1.31280E-01
 -170.590 -14.380 1.30349E-01
 -170.580 -14.380 1.29873E-01
 -170.570 -14.380 1.29154E-01
 -170.560 -14.380 1.28934E-01
 -170.890 -14.390 1.52249E-01
 -170.880 -14.390 1.50809E-01
 -170.870 -14.390 1.50462E-01
 -170.860 -14.390 1.49558E-01
 -170.850 -14.390 1.49091E-01
 -170.840 -14.390 1.48746E-01
 -170.830 -14.390 1.48262E-01
 -170.820 -14.390 1.47241E-01
 -170.810 -14.390 1.46337E-01
 -170.800 -14.390 1.45324E-01
 -170.790 -14.390 1.44923E-01
 -170.780 -14.390 1.43706E-01
 -170.770 -14.390 1.42975E-01
 -170.760 -14.390 1.42101E-01
 -170.750 -14.390 1.41622E-01
 -170.740 -14.390 1.41455E-01
 -170.730 -14.390 1.40934E-01
 -170.720 -14.390 1.39808E-01
 -170.710 -14.390 1.39158E-01
 -170.700 -14.390 1.38071E-01
 -170.690 -14.390 1.37770E-01
 -170.680 -14.390 1.36600E-01
 -170.670 -14.390 1.36001E-01
 -170.660 -14.390 1.35251E-01
 -170.650 -14.390 1.34710E-01
 -170.640 -14.390 1.34640E-01
 -170.630 -14.390 1.34037E-01
 -170.620 -14.390 1.32997E-01
 -170.610 -14.390 1.32595E-01
 -170.600 -14.390 1.31542E-01
 -170.590 -14.390 1.30918E-01
 -170.580 -14.390 1.30309E-01
 -170.570 -14.390 1.29657E-01
 -170.560 -14.390 1.29150E-01
