#Pgm hazallXL.v2.f (harmsen) sums  1 hazard curves with site Vs30  variable. Wald/Allen Vs30
#Long  Lat  SA(g) for spectral period  0.000 Rex 4.0400E-04
 -170.890 -14.210 2.55693E-01
 -170.880 -14.210 2.54147E-01
 -170.870 -14.210 2.53442E-01
 -170.860 -14.210 2.53425E-01
 -170.850 -14.210 2.52387E-01
 -170.840 -14.210 2.51883E-01
 -170.830 -14.210 2.50311E-01
 -170.820 -14.210 2.50363E-01
 -170.810 -14.210 2.49505E-01
 -170.800 -14.210 2.49275E-01
 -170.790 -14.210 2.48506E-01
 -170.780 -14.210 2.47316E-01
 -170.770 -14.210 2.46409E-01
 -170.760 -14.210 2.46513E-01
 -170.750 -14.210 2.45371E-01
 -170.740 -14.210 2.44989E-01
 -170.730 -14.210 2.43618E-01
 -170.720 -14.210 2.43844E-01
 -170.710 -14.210 2.43006E-01
 -170.700 -14.210 2.42638E-01
 -170.690 -14.210 2.42125E-01
 -170.680 -14.210 2.41166E-01
 -170.670 -14.210 2.40344E-01
 -170.660 -14.210 2.40317E-01
 -170.650 -14.210 2.39011E-01
 -170.640 -14.210 2.39107E-01
 -170.630 -14.210 2.37984E-01
 -170.620 -14.210 2.38260E-01
 -170.610 -14.210 2.37530E-01
 -170.600 -14.210 2.37044E-01
 -170.590 -14.210 2.36808E-01
 -170.580 -14.210 2.36188E-01
 -170.570 -14.210 2.35339E-01
 -170.560 -14.210 2.35444E-01
 -170.890 -14.220 2.56166E-01
 -170.880 -14.220 2.55498E-01
 -170.870 -14.220 2.54354E-01
 -170.860 -14.220 2.54621E-01
 -170.850 -14.220 2.53518E-01
 -170.840 -14.220 2.52946E-01
 -170.830 -14.220 2.51677E-01
 -170.820 -14.220 2.51032E-01
 -170.810 -14.220 2.50531E-01
 -170.800 -14.220 2.49726E-01
 -170.790 -14.220 2.48922E-01
 -170.780 -14.220 2.48102E-01
 -170.770 -14.220 2.47201E-01
 -170.760 -14.220 2.47267E-01
 -170.750 -14.220 2.46364E-01
 -170.740 -14.220 2.45877E-01
 -170.730 -14.220 2.44826E-01
 -170.720 -14.220 2.44115E-01
 -170.710 -14.220 2.43698E-01
 -170.700 -14.220 2.42704E-01
 -170.690 -14.220 2.42435E-01
 -170.680 -14.220 2.41693E-01
 -170.670 -14.220 2.40998E-01
 -170.660 -14.220 2.41014E-01
 -170.650 -14.220 2.40131E-01
 -170.640 -14.220 2.39741E-01
 -170.630 -14.220 2.38951E-01
 -170.620 -14.220 2.38344E-01
 -170.610 -14.220 2.37978E-01
 -170.600 -14.220 2.37163E-01
 -170.590 -14.220 2.37073E-01
 -170.580 -14.220 2.36393E-01
 -170.570 -14.220 2.35903E-01
 -170.560 -14.220 2.35958E-01
 -170.890 -14.230 2.57435E-01
 -170.880 -14.230 2.56661E-01
 -170.870 -14.230 2.55674E-01
 -170.860 -14.230 2.55231E-01
 -170.850 -14.230 2.54332E-01
 -170.840 -14.230 2.53580E-01
 -170.830 -14.230 2.52591E-01
 -170.820 -14.230 2.51737E-01
 -170.810 -14.230 2.51158E-01
 -170.800 -14.230 2.50512E-01
 -170.790 -14.230 2.49856E-01
 -170.780 -14.230 2.49208E-01
 -170.770 -14.230 2.48037E-01
 -170.760 -14.230 2.47720E-01
 -170.750 -14.230 2.46892E-01
 -170.740 -14.230 2.46397E-01
 -170.730 -14.230 2.45556E-01
 -170.720 -14.230 2.44754E-01
 -170.710 -14.230 2.44274E-01
 -170.700 -14.230 2.43661E-01
 -170.690 -14.230 2.43040E-01
 -170.680 -14.230 2.42479E-01
 -170.670 -14.230 2.25187E-01
 -170.660 -14.230 2.41237E-01
 -170.650 -14.230 2.40424E-01
 -170.640 -14.230 2.40170E-01
 -170.630 -14.230 2.39384E-01
 -170.620 -14.230 2.38874E-01
 -170.610 -14.230 2.38517E-01
 -170.600 -14.230 2.37849E-01
 -170.590 -14.230 2.37425E-01
 -170.580 -14.230 2.36999E-01
 -170.570 -14.230 2.36236E-01
 -170.560 -14.230 2.35999E-01
 -170.890 -14.240 2.60137E-01
 -170.880 -14.240 2.58654E-01
 -170.870 -14.240 2.56867E-01
 -170.860 -14.240 2.57288E-01
 -170.850 -14.240 2.55871E-01
 -170.840 -14.240 2.54874E-01
 -170.830 -14.240 2.53564E-01
 -170.820 -14.240 2.53654E-01
 -170.810 -14.240 2.52415E-01
 -170.800 -14.240 2.52150E-01
 -170.790 -14.240 2.52203E-01
 -170.780 -14.240 2.50912E-01
 -170.770 -14.240 2.49266E-01
 -170.760 -14.240 2.49398E-01
 -170.750 -14.240 2.48304E-01
 -170.740 -14.240 2.47500E-01
 -170.730 -14.240 2.46149E-01
 -170.720 -14.240 2.46439E-01
 -170.710 -14.240 2.45361E-01
 -170.700 -14.240 2.44857E-01
 -170.690 -14.240 2.28763E-01
 -170.680 -14.240 2.17763E-01
 -170.670 -14.240 2.26150E-01
 -170.660 -14.240 2.26079E-01
 -170.650 -14.240 2.41721E-01
 -170.640 -14.240 2.24441E-01
 -170.630 -14.240 2.39936E-01
 -170.620 -14.240 2.40276E-01
 -170.610 -14.240 2.39371E-01
 -170.600 -14.240 2.39026E-01
 -170.590 -14.240 2.38969E-01
 -170.580 -14.240 2.21610E-01
 -170.570 -14.240 2.20254E-01
 -170.560 -14.240 2.20311E-01
 -170.890 -14.250 2.60745E-01
 -170.880 -14.250 2.60052E-01
 -170.870 -14.250 2.59610E-01
 -170.860 -14.250 2.56795E-01
 -170.850 -14.250 2.55611E-01
 -170.840 -14.250 2.55526E-01
 -170.830 -14.250 2.55194E-01
 -170.820 -14.250 2.54631E-01
 -170.810 -14.250 2.53719E-01
 -170.800 -14.250 2.51822E-01
 -170.790 -14.250 2.52604E-01
 -170.780 -14.250 2.51627E-01
 -170.770 -14.250 2.51446E-01
 -170.760 -14.250 2.49029E-01
 -170.750 -14.250 2.48062E-01
 -170.740 -14.250 2.47863E-01
 -170.730 -14.250 2.47535E-01
 -170.720 -14.250 2.47123E-01
 -170.710 -14.250 2.29929E-01
 -170.700 -14.250 2.07338E-01
 -170.690 -14.250 1.73704E-01
 -170.680 -14.250 2.05246E-01
 -170.670 -14.250 2.04908E-01
 -170.660 -14.250 1.70933E-01
 -170.650 -14.250 2.03952E-01
 -170.640 -14.250 2.03566E-01
 -170.630 -14.250 2.03337E-01
 -170.620 -14.250 2.03101E-01
 -170.610 -14.250 2.13256E-01
 -170.600 -14.250 2.12148E-01
 -170.590 -14.250 2.12172E-01
 -170.580 -14.250 2.00704E-01
 -170.570 -14.250 2.00288E-01
 -170.560 -14.250 2.09740E-01
 -170.890 -14.260 2.62030E-01
 -170.880 -14.260 2.61603E-01
 -170.870 -14.260 2.59698E-01
 -170.860 -14.260 2.58536E-01
 -170.850 -14.260 2.57900E-01
 -170.840 -14.260 2.57103E-01
 -170.830 -14.260 2.55965E-01
 -170.820 -14.260 2.55839E-01
 -170.810 -14.260 2.55393E-01
 -170.800 -14.260 2.54622E-01
 -170.790 -14.260 2.53395E-01
 -170.780 -14.260 2.52774E-01
 -170.770 -14.260 2.51582E-01
 -170.760 -14.260 2.50579E-01
 -170.750 -14.260 2.49941E-01
 -170.740 -14.260 2.49152E-01
 -170.730 -14.260 2.48069E-01
 -170.720 -14.260 2.22226E-01
 -170.710 -14.260 1.76031E-01
 -170.700 -14.260 1.75271E-01
 -170.690 -14.260 2.08477E-01
 -170.680 -14.260 2.08003E-01
 -170.670 -14.260 2.06798E-01
 -170.660 -14.260 1.72172E-01
 -170.650 -14.260 1.71816E-01
 -170.640 -14.260 2.04707E-01
 -170.630 -14.260 2.03916E-01
 -170.620 -14.260 2.04261E-01
 -170.610 -14.260 2.14707E-01
 -170.600 -14.260 2.03009E-01
 -170.590 -14.260 2.02255E-01
 -170.580 -14.260 2.01763E-01
 -170.570 -14.260 1.99113E-01
 -170.560 -14.260 1.99972E-01
 -170.890 -14.270 2.63479E-01
 -170.880 -14.270 2.62105E-01
 -170.870 -14.270 2.61073E-01
 -170.860 -14.270 2.59911E-01
 -170.850 -14.270 2.58784E-01
 -170.840 -14.270 2.58097E-01
 -170.830 -14.270 2.57858E-01
 -170.820 -14.270 2.56682E-01
 -170.810 -14.270 2.55870E-01
 -170.800 -14.270 2.55263E-01
 -170.790 -14.270 2.54609E-01
 -170.780 -14.270 2.53441E-01
 -170.770 -14.270 2.52473E-01
 -170.760 -14.270 2.51570E-01
 -170.750 -14.270 2.50394E-01
 -170.740 -14.270 2.50042E-01
 -170.730 -14.270 2.33355E-01
 -170.720 -14.270 2.09452E-01
 -170.710 -14.270 2.10583E-01
 -170.700 -14.270 2.10088E-01
 -170.690 -14.270 1.75089E-01
 -170.680 -14.270 1.74422E-01
 -170.670 -14.270 1.73570E-01
 -170.660 -14.270 1.72787E-01
 -170.650 -14.270 2.05646E-01
 -170.640 -14.270 2.05445E-01
 -170.630 -14.270 1.71183E-01
 -170.620 -14.270 1.70956E-01
 -170.610 -14.270 2.03857E-01
 -170.600 -14.270 2.03407E-01
 -170.590 -14.270 2.02763E-01
 -170.580 -14.270 2.00495E-01
 -170.570 -14.270 2.01063E-01
 -170.560 -14.270 2.11579E-01
 -170.890 -14.280 2.64365E-01
 -170.880 -14.280 2.63736E-01
 -170.870 -14.280 2.62221E-01
 -170.860 -14.280 2.62306E-01
 -170.850 -14.280 2.60653E-01
 -170.840 -14.280 2.60087E-01
 -170.830 -14.280 2.58942E-01
 -170.820 -14.280 2.57968E-01
 -170.810 -14.280 2.57597E-01
 -170.800 -14.280 2.56571E-01
 -170.790 -14.280 2.40143E-01
 -170.780 -14.280 2.39094E-01
 -170.770 -14.280 2.37886E-01
 -170.760 -14.280 2.37730E-01
 -170.750 -14.280 2.51785E-01
 -170.740 -14.280 2.25765E-01
 -170.730 -14.280 2.13213E-01
 -170.720 -14.280 2.10217E-01
 -170.710 -14.280 2.12057E-01
 -170.700 -14.280 1.76597E-01
 -170.690 -14.280 2.10363E-01
 -170.680 -14.280 2.20798E-01
 -170.670 -14.280 2.08530E-01
 -170.660 -14.280 2.08416E-01
 -170.650 -14.280 1.73071E-01
 -170.640 -14.280 1.72939E-01
 -170.630 -14.280 2.04431E-01
 -170.620 -14.280 2.16167E-01
 -170.610 -14.280 2.16190E-01
 -170.600 -14.280 2.04134E-01
 -170.590 -14.280 2.03734E-01
 -170.580 -14.280 2.02861E-01
 -170.570 -14.280 2.13173E-01
 -170.560 -14.280 2.22990E-01
 -170.890 -14.290 2.66229E-01
 -170.880 -14.290 2.65086E-01
 -170.870 -14.290 2.63281E-01
 -170.860 -14.290 2.62830E-01
 -170.850 -14.290 2.62057E-01
 -170.840 -14.290 2.61913E-01
 -170.830 -14.290 2.60734E-01
 -170.820 -14.290 2.59973E-01
 -170.810 -14.290 2.43875E-01
 -170.800 -14.290 2.21038E-01
 -170.790 -14.290 2.19984E-01
 -170.780 -14.290 2.18866E-01
 -170.770 -14.290 2.17138E-01
 -170.760 -14.290 2.16607E-01
 -170.750 -14.290 2.15316E-01
 -170.740 -14.290 1.80751E-01
 -170.730 -14.290 1.79748E-01
 -170.720 -14.290 1.79456E-01
 -170.710 -14.290 1.79030E-01
 -170.700 -14.290 1.78113E-01
 -170.690 -14.290 1.77303E-01
 -170.680 -14.290 2.10780E-01
 -170.670 -14.290 2.30525E-01
 -170.660 -14.290 2.08850E-01
 -170.650 -14.290 2.05737E-01
 -170.640 -14.290 2.07946E-01
 -170.630 -14.290 2.18091E-01
 -170.620 -14.290 2.44023E-01
 -170.610 -14.290 2.43355E-01
 -170.600 -14.290 2.16522E-01
 -170.590 -14.290 2.25676E-01
 -170.580 -14.290 2.41310E-01
 -170.570 -14.290 2.40107E-01
 -170.560 -14.290 2.23453E-01
 -170.890 -14.300 2.67679E-01
 -170.880 -14.300 2.65600E-01
 -170.870 -14.300 2.65379E-01
 -170.860 -14.300 2.65513E-01
 -170.850 -14.300 2.62257E-01
 -170.840 -14.300 2.63837E-01
 -170.830 -14.300 2.36807E-01
 -170.820 -14.300 2.23348E-01
 -170.810 -14.300 2.20372E-01
 -170.800 -14.300 1.86185E-01
 -170.790 -14.300 1.85717E-01
 -170.780 -14.300 1.83924E-01
 -170.770 -14.300 1.82967E-01
 -170.760 -14.300 1.83165E-01
 -170.750 -14.300 2.13768E-01
 -170.740 -14.300 2.15014E-01
 -170.730 -14.300 2.15657E-01
 -170.720 -14.300 1.79704E-01
 -170.710 -14.300 2.11900E-01
 -170.700 -14.300 1.78684E-01
 -170.690 -14.300 1.78150E-01
 -170.680 -14.300 2.11013E-01
 -170.670 -14.300 2.31188E-01
 -170.660 -14.300 2.31536E-01
 -170.650 -14.300 2.29441E-01
 -170.640 -14.300 2.31018E-01
 -170.630 -14.300 2.45140E-01
 -170.620 -14.300 2.43979E-01
 -170.610 -14.300 2.43389E-01
 -170.600 -14.300 2.42750E-01
 -170.590 -14.300 2.42373E-01
 -170.580 -14.300 2.41310E-01
 -170.570 -14.300 2.40542E-01
 -170.560 -14.300 2.40958E-01
 -170.890 -14.310 2.69566E-01
 -170.880 -14.310 2.67628E-01
 -170.870 -14.310 2.66446E-01
 -170.860 -14.310 2.66639E-01
 -170.850 -14.310 2.65044E-01
 -170.840 -14.310 2.26556E-01
 -170.830 -14.310 2.22618E-01
 -170.820 -14.310 1.88919E-01
 -170.810 -14.310 2.24492E-01
 -170.800 -14.310 2.23838E-01
 -170.790 -14.310 2.44239E-01
 -170.780 -14.310 2.32805E-01
 -170.770 -14.310 2.41311E-01
 -170.760 -14.310 2.19069E-01
 -170.750 -14.310 2.17565E-01
 -170.740 -14.310 1.82145E-01
 -170.730 -14.310 2.15829E-01
 -170.720 -14.310 1.80938E-01
 -170.710 -14.310 2.15246E-01
 -170.700 -14.310 2.12647E-01
 -170.690 -14.310 2.35091E-01
 -170.680 -14.310 2.49725E-01
 -170.670 -14.310 2.48380E-01
 -170.660 -14.310 2.48071E-01
 -170.650 -14.310 2.46552E-01
 -170.640 -14.310 2.46705E-01
 -170.630 -14.310 2.45457E-01
 -170.620 -14.310 2.45341E-01
 -170.610 -14.310 2.44483E-01
 -170.600 -14.310 2.43908E-01
 -170.590 -14.310 2.43365E-01
 -170.580 -14.310 2.42630E-01
 -170.570 -14.310 2.41493E-01
 -170.560 -14.310 2.41338E-01
 -170.890 -14.320 2.70205E-01
 -170.880 -14.320 2.69417E-01
 -170.870 -14.320 2.67815E-01
 -170.860 -14.320 2.67714E-01
 -170.850 -14.320 2.51293E-01
 -170.840 -14.320 2.27904E-01
 -170.830 -14.320 2.24030E-01
 -170.820 -14.320 2.25459E-01
 -170.810 -14.320 1.88924E-01
 -170.800 -14.320 1.88624E-01
 -170.790 -14.320 1.87059E-01
 -170.780 -14.320 1.86017E-01
 -170.770 -14.320 1.84911E-01
 -170.760 -14.320 1.84874E-01
 -170.750 -14.320 1.83545E-01
 -170.740 -14.320 2.18142E-01
 -170.730 -14.320 2.17104E-01
 -170.720 -14.320 2.27912E-01
 -170.710 -14.320 2.37252E-01
 -170.700 -14.320 2.36177E-01
 -170.690 -14.320 2.51085E-01
 -170.680 -14.320 2.50211E-01
 -170.670 -14.320 2.49294E-01
 -170.660 -14.320 2.49104E-01
 -170.650 -14.320 2.47771E-01
 -170.640 -14.320 2.47337E-01
 -170.630 -14.320 2.46423E-01
 -170.620 -14.320 2.45664E-01
 -170.610 -14.320 2.45000E-01
 -170.600 -14.320 2.43984E-01
 -170.590 -14.320 2.43689E-01
 -170.580 -14.320 2.42884E-01
 -170.570 -14.320 2.42171E-01
 -170.560 -14.320 2.42087E-01
 -170.890 -14.330 2.71540E-01
 -170.880 -14.330 2.70279E-01
 -170.870 -14.330 2.69512E-01
 -170.860 -14.330 2.68520E-01
 -170.850 -14.330 2.67410E-01
 -170.840 -14.330 2.40730E-01
 -170.830 -14.330 2.27260E-01
 -170.820 -14.330 1.90093E-01
 -170.810 -14.330 2.23163E-01
 -170.800 -14.330 2.22308E-01
 -170.790 -14.330 1.87993E-01
 -170.780 -14.330 2.20204E-01
 -170.770 -14.330 1.85620E-01
 -170.760 -14.330 2.18326E-01
 -170.750 -14.330 2.19399E-01
 -170.740 -14.330 2.30447E-01
 -170.730 -14.330 2.29498E-01
 -170.720 -14.330 2.38401E-01
 -170.710 -14.330 2.37816E-01
 -170.700 -14.330 2.36810E-01
 -170.690 -14.330 2.52092E-01
 -170.680 -14.330 2.50854E-01
 -170.670 -14.330 2.49842E-01
 -170.660 -14.330 2.49471E-01
 -170.650 -14.330 2.48309E-01
 -170.640 -14.330 2.47862E-01
 -170.630 -14.330 2.46968E-01
 -170.620 -14.330 2.46134E-01
 -170.610 -14.330 2.45565E-01
 -170.600 -14.330 2.44722E-01
 -170.590 -14.330 2.44194E-01
 -170.580 -14.330 2.43409E-01
 -170.570 -14.330 2.42494E-01
 -170.560 -14.330 2.42078E-01
 -170.890 -14.340 2.74736E-01
 -170.880 -14.340 2.73697E-01
 -170.870 -14.340 2.71570E-01
 -170.860 -14.340 2.70966E-01
 -170.850 -14.340 2.69222E-01
 -170.840 -14.340 2.67861E-01
 -170.830 -14.340 2.50630E-01
 -170.820 -14.340 2.40513E-01
 -170.810 -14.340 2.49469E-01
 -170.800 -14.340 2.38662E-01
 -170.790 -14.340 2.26045E-01
 -170.780 -14.340 2.24954E-01
 -170.770 -14.340 2.22421E-01
 -170.760 -14.340 2.22467E-01
 -170.750 -14.340 2.20908E-01
 -170.740 -14.340 2.31749E-01
 -170.730 -14.340 2.29973E-01
 -170.720 -14.340 2.40264E-01
 -170.710 -14.340 2.38877E-01
 -170.700 -14.340 2.54244E-01
 -170.690 -14.340 2.53876E-01
 -170.680 -14.340 2.53040E-01
 -170.670 -14.340 2.51055E-01
 -170.660 -14.340 2.51128E-01
 -170.650 -14.340 2.49709E-01
 -170.640 -14.340 2.48913E-01
 -170.630 -14.340 2.47605E-01
 -170.620 -14.340 2.47641E-01
 -170.610 -14.340 2.46588E-01
 -170.600 -14.340 2.46210E-01
 -170.590 -14.340 2.45823E-01
 -170.580 -14.340 2.45178E-01
 -170.570 -14.340 2.43446E-01
 -170.560 -14.340 2.43477E-01
 -170.890 -14.350 2.76319E-01
 -170.880 -14.350 2.75027E-01
 -170.870 -14.350 2.73885E-01
 -170.860 -14.350 2.71231E-01
 -170.850 -14.350 2.68802E-01
 -170.840 -14.350 2.68573E-01
 -170.830 -14.350 2.68279E-01
 -170.820 -14.350 2.67105E-01
 -170.810 -14.350 2.66112E-01
 -170.800 -14.350 2.48938E-01
 -170.790 -14.350 2.38881E-01
 -170.780 -14.350 2.37846E-01
 -170.770 -14.350 2.37000E-01
 -170.760 -14.350 2.33989E-01
 -170.750 -14.350 2.32578E-01
 -170.740 -14.350 2.32181E-01
 -170.730 -14.350 2.31763E-01
 -170.720 -14.350 2.41010E-01
 -170.710 -14.350 2.55880E-01
 -170.700 -14.350 2.53899E-01
 -170.690 -14.350 2.54597E-01
 -170.680 -14.350 2.53425E-01
 -170.670 -14.350 2.53142E-01
 -170.660 -14.350 2.50825E-01
 -170.650 -14.350 2.49390E-01
 -170.640 -14.350 2.49191E-01
 -170.630 -14.350 2.48767E-01
 -170.620 -14.350 2.48142E-01
 -170.610 -14.350 2.47204E-01
 -170.600 -14.350 2.45622E-01
 -170.590 -14.350 2.46049E-01
 -170.580 -14.350 2.45115E-01
 -170.570 -14.350 2.44887E-01
 -170.560 -14.350 2.43087E-01
 -170.890 -14.360 2.77162E-01
 -170.880 -14.360 2.76299E-01
 -170.870 -14.360 2.74000E-01
 -170.860 -14.360 2.72881E-01
 -170.850 -14.360 2.71879E-01
 -170.840 -14.360 2.70340E-01
 -170.830 -14.360 2.69234E-01
 -170.820 -14.360 2.68619E-01
 -170.810 -14.360 2.67773E-01
 -170.800 -14.360 2.66966E-01
 -170.790 -14.360 2.49939E-01
 -170.780 -14.360 2.39283E-01
 -170.770 -14.360 2.24802E-01
 -170.760 -14.360 2.23519E-01
 -170.750 -14.360 2.22758E-01
 -170.740 -14.360 2.33640E-01
 -170.730 -14.360 2.42416E-01
 -170.720 -14.360 2.58149E-01
 -170.710 -14.360 2.57491E-01
 -170.700 -14.360 2.56704E-01
 -170.690 -14.360 2.55031E-01
 -170.680 -14.360 2.54639E-01
 -170.670 -14.360 2.53037E-01
 -170.660 -14.360 2.51935E-01
 -170.650 -14.360 2.51212E-01
 -170.640 -14.360 2.50291E-01
 -170.630 -14.360 2.49116E-01
 -170.620 -14.360 2.49341E-01
 -170.610 -14.360 2.48690E-01
 -170.600 -14.360 2.48012E-01
 -170.590 -14.360 2.46671E-01
 -170.580 -14.360 2.46173E-01
 -170.570 -14.360 2.44933E-01
 -170.560 -14.360 2.44140E-01
 -170.890 -14.370 2.78635E-01
 -170.880 -14.370 2.77400E-01
 -170.870 -14.370 2.75676E-01
 -170.860 -14.370 2.74336E-01
 -170.850 -14.370 2.72588E-01
 -170.840 -14.370 2.71426E-01
 -170.830 -14.370 2.71160E-01
 -170.820 -14.370 2.69462E-01
 -170.810 -14.370 2.69033E-01
 -170.800 -14.370 2.67398E-01
 -170.790 -14.370 2.66591E-01
 -170.780 -14.370 2.50680E-01
 -170.770 -14.370 2.38476E-01
 -170.760 -14.370 2.36779E-01
 -170.750 -14.370 2.35499E-01
 -170.740 -14.370 2.44874E-01
 -170.730 -14.370 2.60216E-01
 -170.720 -14.370 2.58718E-01
 -170.710 -14.370 2.58123E-01
 -170.700 -14.370 2.56921E-01
 -170.690 -14.370 2.55982E-01
 -170.680 -14.370 2.54979E-01
 -170.670 -14.370 2.54024E-01
 -170.660 -14.370 2.52934E-01
 -170.650 -14.370 2.51550E-01
 -170.640 -14.370 2.51171E-01
 -170.630 -14.370 2.50494E-01
 -170.620 -14.370 2.49569E-01
 -170.610 -14.370 2.48862E-01
 -170.600 -14.370 2.47942E-01
 -170.590 -14.370 2.47035E-01
 -170.580 -14.370 2.46384E-01
 -170.570 -14.370 2.45595E-01
 -170.560 -14.370 2.44735E-01
 -170.890 -14.380 2.80067E-01
 -170.880 -14.380 2.78795E-01
 -170.870 -14.380 2.77142E-01
 -170.860 -14.380 2.76897E-01
 -170.850 -14.380 2.74431E-01
 -170.840 -14.380 2.74299E-01
 -170.830 -14.380 2.72472E-01
 -170.820 -14.380 2.71054E-01
 -170.810 -14.380 2.70339E-01
 -170.800 -14.380 2.69652E-01
 -170.790 -14.380 2.67770E-01
 -170.780 -14.380 2.66720E-01
 -170.770 -14.380 2.65080E-01
 -170.760 -14.380 2.49616E-01
 -170.750 -14.380 2.47434E-01
 -170.740 -14.380 2.62994E-01
 -170.730 -14.380 2.61318E-01
 -170.720 -14.380 2.59721E-01
 -170.710 -14.380 2.59112E-01
 -170.700 -14.380 2.58631E-01
 -170.690 -14.380 2.57053E-01
 -170.680 -14.380 2.56115E-01
 -170.670 -14.380 2.54840E-01
 -170.660 -14.380 2.54779E-01
 -170.650 -14.380 2.52849E-01
 -170.640 -14.380 2.52956E-01
 -170.630 -14.380 2.51572E-01
 -170.620 -14.380 2.50322E-01
 -170.610 -14.380 2.49754E-01
 -170.600 -14.380 2.49334E-01
 -170.590 -14.380 2.48003E-01
 -170.580 -14.380 2.47196E-01
 -170.570 -14.380 2.46303E-01
 -170.560 -14.380 2.46125E-01
 -170.890 -14.390 2.82026E-01
 -170.880 -14.390 2.80117E-01
 -170.870 -14.390 2.78801E-01
 -170.860 -14.390 2.77698E-01
 -170.850 -14.390 2.76313E-01
 -170.840 -14.390 2.75752E-01
 -170.830 -14.390 2.74657E-01
 -170.820 -14.390 2.73758E-01
 -170.810 -14.390 2.72090E-01
 -170.800 -14.390 2.70653E-01
 -170.790 -14.390 2.69623E-01
 -170.780 -14.390 2.68157E-01
 -170.770 -14.390 2.66367E-01
 -170.760 -14.390 2.65513E-01
 -170.750 -14.390 2.64052E-01
 -170.740 -14.390 2.63855E-01
 -170.730 -14.390 2.62993E-01
 -170.720 -14.390 2.62037E-01
 -170.710 -14.390 2.60773E-01
 -170.700 -14.390 2.59375E-01
 -170.690 -14.390 2.58657E-01
 -170.680 -14.390 2.57331E-01
 -170.670 -14.390 2.55849E-01
 -170.660 -14.390 2.55263E-01
 -170.650 -14.390 2.53719E-01
 -170.640 -14.390 2.53850E-01
 -170.630 -14.390 2.52800E-01
 -170.620 -14.390 2.52017E-01
 -170.610 -14.390 2.51184E-01
 -170.600 -14.390 2.49771E-01
 -170.590 -14.390 2.48954E-01
 -170.580 -14.390 2.48256E-01
 -170.570 -14.390 2.46885E-01
 -170.560 -14.390 2.46612E-01
