#Pgm hazallXL.v2.f (harmsen) sums  1 hazard curves with site Vs30    0.0
#Long  Lat  SA(g) for spectral period  1.000 Rex 4.0400E-04
 -170.890 -14.210 3.66102E-01
 -170.880 -14.210 3.63229E-01
 -170.870 -14.210 3.62603E-01
 -170.860 -14.210 3.62625E-01
 -170.850 -14.210 3.61257E-01
 -170.840 -14.210 3.59725E-01
 -170.830 -14.210 3.57410E-01
 -170.820 -14.210 3.56796E-01
 -170.810 -14.210 3.55301E-01
 -170.800 -14.210 3.54984E-01
 -170.790 -14.210 3.53971E-01
 -170.780 -14.210 3.51641E-01
 -170.770 -14.210 3.50774E-01
 -170.760 -14.210 3.50839E-01
 -170.750 -14.210 3.49281E-01
 -170.740 -14.210 3.48028E-01
 -170.730 -14.210 3.45976E-01
 -170.720 -14.210 3.45555E-01
 -170.710 -14.210 3.44101E-01
 -170.700 -14.210 3.43506E-01
 -170.690 -14.210 3.42766E-01
 -170.680 -14.210 3.40806E-01
 -170.670 -14.210 3.39953E-01
 -170.660 -14.210 3.39700E-01
 -170.650 -14.210 3.37883E-01
 -170.640 -14.210 3.37379E-01
 -170.630 -14.210 3.35626E-01
 -170.620 -14.210 3.35187E-01
 -170.610 -14.210 3.33888E-01
 -170.600 -14.210 3.32951E-01
 -170.590 -14.210 3.32523E-01
 -170.580 -14.210 3.31001E-01
 -170.570 -14.210 3.30067E-01
 -170.560 -14.210 3.29856E-01
 -170.890 -14.220 3.66565E-01
 -170.880 -14.220 3.65742E-01
 -170.870 -14.220 3.63629E-01
 -170.860 -14.220 3.64495E-01
 -170.850 -14.220 3.62895E-01
 -170.840 -14.220 3.61126E-01
 -170.830 -14.220 3.58985E-01
 -170.820 -14.220 3.58297E-01
 -170.810 -14.220 3.57341E-01
 -170.800 -14.220 3.55945E-01
 -170.790 -14.220 3.54498E-01
 -170.780 -14.220 3.53289E-01
 -170.770 -14.220 3.51668E-01
 -170.760 -14.220 3.51965E-01
 -170.750 -14.220 3.50827E-01
 -170.740 -14.220 3.49216E-01
 -170.730 -14.220 3.47450E-01
 -170.720 -14.220 3.46552E-01
 -170.710 -14.220 3.45662E-01
 -170.700 -14.220 3.43901E-01
 -170.690 -14.220 3.43291E-01
 -170.680 -14.220 3.42140E-01
 -170.670 -14.220 3.40785E-01
 -170.660 -14.220 3.40925E-01
 -170.650 -14.220 3.39746E-01
 -170.640 -14.220 3.38315E-01
 -170.630 -14.220 3.36886E-01
 -170.620 -14.220 3.36010E-01
 -170.610 -14.220 3.35149E-01
 -170.600 -14.220 3.33646E-01
 -170.590 -14.220 3.33126E-01
 -170.580 -14.220 3.32011E-01
 -170.570 -14.220 3.30860E-01
 -170.560 -14.220 3.30889E-01
 -170.890 -14.230 3.68882E-01
 -170.880 -14.230 3.67191E-01
 -170.870 -14.230 3.65674E-01
 -170.860 -14.230 3.64552E-01
 -170.850 -14.230 3.63590E-01
 -170.840 -14.230 3.62163E-01
 -170.830 -14.230 3.60621E-01
 -170.820 -14.230 3.58913E-01
 -170.810 -14.230 3.58108E-01
 -170.800 -14.230 3.57160E-01
 -170.790 -14.230 3.56037E-01
 -170.780 -14.230 3.54842E-01
 -170.770 -14.230 3.53147E-01
 -170.760 -14.230 3.52236E-01
 -170.750 -14.230 3.51042E-01
 -170.740 -14.230 3.50233E-01
 -170.730 -14.230 3.48882E-01
 -170.720 -14.230 3.47293E-01
 -170.710 -14.230 3.46573E-01
 -170.700 -14.230 3.45659E-01
 -170.690 -14.230 3.44333E-01
 -170.680 -14.230 3.43344E-01
 -170.670 -14.230 2.49852E-01
 -170.660 -14.230 3.40988E-01
 -170.650 -14.230 3.39818E-01
 -170.640 -14.230 3.39277E-01
 -170.630 -14.230 3.37981E-01
 -170.620 -14.230 3.36721E-01
 -170.610 -14.230 3.36071E-01
 -170.600 -14.230 3.34730E-01
 -170.590 -14.230 3.33929E-01
 -170.580 -14.230 3.33041E-01
 -170.570 -14.230 3.31771E-01
 -170.560 -14.230 3.30864E-01
 -170.890 -14.240 3.73006E-01
 -170.880 -14.240 3.69403E-01
 -170.870 -14.240 3.67151E-01
 -170.860 -14.240 3.68113E-01
 -170.850 -14.240 3.65036E-01
 -170.840 -14.240 3.64079E-01
 -170.830 -14.240 3.61660E-01
 -170.820 -14.240 3.61208E-01
 -170.810 -14.240 3.59283E-01
 -170.800 -14.240 3.58893E-01
 -170.790 -14.240 3.60057E-01
 -170.780 -14.240 3.56734E-01
 -170.770 -14.240 3.54722E-01
 -170.760 -14.240 3.55047E-01
 -170.750 -14.240 3.52668E-01
 -170.740 -14.240 3.51848E-01
 -170.730 -14.240 3.49571E-01
 -170.720 -14.240 3.49299E-01
 -170.710 -14.240 3.47619E-01
 -170.700 -14.240 3.46797E-01
 -170.690 -14.240 2.54895E-01
 -170.680 -14.240 1.99215E-01
 -170.670 -14.240 2.50961E-01
 -170.660 -14.240 2.36782E-01
 -170.650 -14.240 3.41346E-01
 -170.640 -14.240 2.48494E-01
 -170.630 -14.240 3.38732E-01
 -170.620 -14.240 3.38421E-01
 -170.610 -14.240 3.36953E-01
 -170.600 -14.240 3.36234E-01
 -170.590 -14.240 3.36831E-01
 -170.580 -14.240 2.43670E-01
 -170.570 -14.240 2.42228E-01
 -170.560 -14.240 2.42281E-01
 -170.890 -14.250 3.74131E-01
 -170.880 -14.250 3.71699E-01
 -170.870 -14.250 3.72163E-01
 -170.860 -14.250 3.66904E-01
 -170.850 -14.250 3.64772E-01
 -170.840 -14.250 3.65346E-01
 -170.830 -14.250 3.64234E-01
 -170.820 -14.250 3.63272E-01
 -170.810 -14.250 3.63203E-01
 -170.800 -14.250 3.58922E-01
 -170.790 -14.250 3.61019E-01
 -170.780 -14.250 3.58199E-01
 -170.770 -14.250 3.58984E-01
 -170.760 -14.250 3.54387E-01
 -170.750 -14.250 3.52635E-01
 -170.740 -14.250 3.52901E-01
 -170.730 -14.250 3.51844E-01
 -170.720 -14.250 3.51094E-01
 -170.710 -14.250 2.57295E-01
 -170.700 -14.250 1.81036E-01
 -170.690 -14.250 1.29515E-01
 -170.680 -14.250 1.61832E-01
 -170.670 -14.250 1.62218E-01
 -170.660 -14.250 1.26923E-01
 -170.650 -14.250 1.77164E-01
 -170.640 -14.250 1.77112E-01
 -170.630 -14.250 1.76497E-01
 -170.620 -14.250 1.76016E-01
 -170.610 -14.250 1.95197E-01
 -170.600 -14.250 1.93215E-01
 -170.590 -14.250 1.93453E-01
 -170.580 -14.250 1.73267E-01
 -170.570 -14.250 1.73313E-01
 -170.560 -14.250 1.90206E-01
 -170.890 -14.260 3.73658E-01
 -170.880 -14.260 3.72754E-01
 -170.870 -14.260 3.70686E-01
 -170.860 -14.260 3.68548E-01
 -170.850 -14.260 3.67625E-01
 -170.840 -14.260 3.66925E-01
 -170.830 -14.260 3.64580E-01
 -170.820 -14.260 3.63998E-01
 -170.810 -14.260 3.63347E-01
 -170.800 -14.260 3.61902E-01
 -170.790 -14.260 3.60150E-01
 -170.780 -14.260 3.58873E-01
 -170.770 -14.260 3.57865E-01
 -170.760 -14.260 3.55941E-01
 -170.750 -14.260 3.54924E-01
 -170.740 -14.260 3.54166E-01
 -170.730 -14.260 3.52084E-01
 -170.720 -14.260 2.04089E-01
 -170.710 -14.260 1.30732E-01
 -170.700 -14.260 1.30014E-01
 -170.690 -14.260 1.81461E-01
 -170.680 -14.260 1.80770E-01
 -170.670 -14.260 1.80095E-01
 -170.660 -14.260 1.27653E-01
 -170.650 -14.260 1.27173E-01
 -170.640 -14.260 1.77755E-01
 -170.630 -14.260 1.76850E-01
 -170.620 -14.260 1.76692E-01
 -170.610 -14.260 1.95437E-01
 -170.600 -14.260 1.75182E-01
 -170.590 -14.260 1.74512E-01
 -170.580 -14.260 1.73835E-01
 -170.570 -14.260 1.55957E-01
 -170.560 -14.260 1.72366E-01
 -170.890 -14.270 3.76518E-01
 -170.880 -14.270 3.73605E-01
 -170.870 -14.270 3.72555E-01
 -170.860 -14.270 3.70350E-01
 -170.850 -14.270 3.69085E-01
 -170.840 -14.270 3.67783E-01
 -170.830 -14.270 3.67733E-01
 -170.820 -14.270 3.65667E-01
 -170.810 -14.270 3.64295E-01
 -170.800 -14.270 3.63638E-01
 -170.790 -14.270 3.62662E-01
 -170.780 -14.270 3.60195E-01
 -170.770 -14.270 3.59048E-01
 -170.760 -14.270 3.57378E-01
 -170.750 -14.270 3.55881E-01
 -170.740 -14.270 3.55056E-01
 -170.730 -14.270 2.45545E-01
 -170.720 -14.270 1.65628E-01
 -170.710 -14.270 1.83783E-01
 -170.700 -14.270 1.83364E-01
 -170.690 -14.270 1.30092E-01
 -170.680 -14.270 1.29450E-01
 -170.670 -14.270 1.28879E-01
 -170.660 -14.270 1.28224E-01
 -170.650 -14.270 1.78916E-01
 -170.640 -14.270 1.78394E-01
 -170.630 -14.270 1.26780E-01
 -170.620 -14.270 1.26402E-01
 -170.610 -14.270 1.76445E-01
 -170.600 -14.270 1.76027E-01
 -170.590 -14.270 1.75261E-01
 -170.580 -14.270 1.56987E-01
 -170.570 -14.270 1.73659E-01
 -170.560 -14.270 1.92080E-01
 -170.890 -14.280 3.76643E-01
 -170.880 -14.280 3.76335E-01
 -170.870 -14.280 3.73490E-01
 -170.860 -14.280 3.73888E-01
 -170.850 -14.280 3.71437E-01
 -170.840 -14.280 3.69995E-01
 -170.830 -14.280 3.68428E-01
 -170.820 -14.280 3.66794E-01
 -170.810 -14.280 3.66821E-01
 -170.800 -14.280 3.65564E-01
 -170.790 -14.280 2.68389E-01
 -170.780 -14.280 2.67765E-01
 -170.770 -14.280 2.65825E-01
 -170.760 -14.280 2.65713E-01
 -170.750 -14.280 3.57883E-01
 -170.740 -14.280 2.07780E-01
 -170.730 -14.280 1.86191E-01
 -170.720 -14.280 1.66011E-01
 -170.710 -14.280 1.85048E-01
 -170.700 -14.280 1.31243E-01
 -170.690 -14.280 1.83100E-01
 -170.680 -14.280 2.02746E-01
 -170.670 -14.280 1.81463E-01
 -170.660 -14.280 1.81269E-01
 -170.650 -14.280 1.28347E-01
 -170.640 -14.280 1.27903E-01
 -170.630 -14.280 1.60442E-01
 -170.620 -14.280 1.97172E-01
 -170.610 -14.280 1.97196E-01
 -170.600 -14.280 1.76749E-01
 -170.590 -14.280 1.75861E-01
 -170.580 -14.280 1.75353E-01
 -170.570 -14.280 1.93668E-01
 -170.560 -14.280 2.45725E-01
 -170.890 -14.290 3.78969E-01
 -170.880 -14.290 3.76749E-01
 -170.870 -14.290 3.75010E-01
 -170.860 -14.290 3.73741E-01
 -170.850 -14.290 3.73897E-01
 -170.840 -14.290 3.73994E-01
 -170.830 -14.290 3.71776E-01
 -170.820 -14.290 3.69424E-01
 -170.810 -14.290 2.72732E-01
 -170.800 -14.290 1.93374E-01
 -170.790 -14.290 1.92387E-01
 -170.780 -14.290 1.91369E-01
 -170.770 -14.290 1.90368E-01
 -170.760 -14.290 1.89544E-01
 -170.750 -14.290 1.89034E-01
 -170.740 -14.290 1.34993E-01
 -170.730 -14.290 1.34023E-01
 -170.720 -14.290 1.33193E-01
 -170.710 -14.290 1.32729E-01
 -170.700 -14.290 1.31910E-01
 -170.690 -14.290 1.31226E-01
 -170.680 -14.290 1.83198E-01
 -170.670 -14.290 2.56394E-01
 -170.660 -14.290 1.81561E-01
 -170.650 -14.290 1.62312E-01
 -170.640 -14.290 1.80904E-01
 -170.630 -14.290 1.99726E-01
 -170.620 -14.290 3.44179E-01
 -170.610 -14.290 3.43176E-01
 -170.600 -14.290 1.96949E-01
 -170.590 -14.290 2.48854E-01
 -170.580 -14.290 3.39269E-01
 -170.570 -14.290 3.38014E-01
 -170.560 -14.290 2.46139E-01
 -170.890 -14.300 3.81251E-01
 -170.880 -14.300 3.78531E-01
 -170.870 -14.300 3.77863E-01
 -170.860 -14.300 3.79042E-01
 -170.850 -14.300 3.72879E-01
 -170.840 -14.300 3.76383E-01
 -170.830 -14.300 2.19721E-01
 -170.820 -14.300 1.96186E-01
 -170.810 -14.300 1.74741E-01
 -170.800 -14.300 1.38277E-01
 -170.790 -14.300 1.38354E-01
 -170.780 -14.300 1.37301E-01
 -170.770 -14.300 1.36451E-01
 -170.760 -14.300 1.36887E-01
 -170.750 -14.300 1.69455E-01
 -170.740 -14.300 1.71056E-01
 -170.730 -14.300 1.89049E-01
 -170.720 -14.300 1.33684E-01
 -170.710 -14.300 1.67116E-01
 -170.700 -14.300 1.32242E-01
 -170.690 -14.300 1.32205E-01
 -170.680 -14.300 1.84125E-01
 -170.670 -14.300 2.57227E-01
 -170.660 -14.300 2.57969E-01
 -170.650 -14.300 2.54989E-01
 -170.640 -14.300 3.08206E-01
 -170.630 -14.300 3.47264E-01
 -170.620 -14.300 3.44764E-01
 -170.610 -14.300 3.43356E-01
 -170.600 -14.300 3.41992E-01
 -170.590 -14.300 3.42009E-01
 -170.580 -14.300 3.40591E-01
 -170.570 -14.300 3.38831E-01
 -170.560 -14.300 3.39671E-01
 -170.890 -14.310 3.83314E-01
 -170.880 -14.310 3.80308E-01
 -170.870 -14.310 3.78702E-01
 -170.860 -14.310 3.79272E-01
 -170.850 -14.310 3.77502E-01
 -170.840 -14.310 1.99126E-01
 -170.830 -14.310 1.77338E-01
 -170.820 -14.310 1.40698E-01
 -170.810 -14.310 1.96652E-01
 -170.800 -14.310 1.95813E-01
 -170.790 -14.310 2.57145E-01
 -170.780 -14.310 2.14720E-01
 -170.770 -14.310 2.69674E-01
 -170.760 -14.310 1.91784E-01
 -170.750 -14.310 1.90810E-01
 -170.740 -14.310 1.35606E-01
 -170.730 -14.310 1.88908E-01
 -170.720 -14.310 1.34324E-01
 -170.710 -14.310 1.87507E-01
 -170.700 -14.310 1.67607E-01
 -170.690 -14.310 2.61465E-01
 -170.680 -14.310 3.53355E-01
 -170.670 -14.310 3.51584E-01
 -170.660 -14.310 3.50744E-01
 -170.650 -14.310 3.49069E-01
 -170.640 -14.310 3.48699E-01
 -170.630 -14.310 3.47123E-01
 -170.620 -14.310 3.46104E-01
 -170.610 -14.310 3.44873E-01
 -170.600 -14.310 3.43617E-01
 -170.590 -14.310 3.42941E-01
 -170.580 -14.310 3.41645E-01
 -170.570 -14.310 3.40060E-01
 -170.560 -14.310 3.39349E-01
 -170.890 -14.320 3.83757E-01
 -170.880 -14.320 3.83187E-01
 -170.870 -14.320 3.80146E-01
 -170.860 -14.320 3.80847E-01
 -170.850 -14.320 2.81987E-01
 -170.840 -14.320 2.00120E-01
 -170.830 -14.320 1.78122E-01
 -170.820 -14.320 1.98153E-01
 -170.810 -14.320 1.40798E-01
 -170.800 -14.320 1.40661E-01
 -170.790 -14.320 1.39241E-01
 -170.780 -14.320 1.38700E-01
 -170.770 -14.320 1.37672E-01
 -170.760 -14.320 1.37868E-01
 -170.750 -14.320 1.36844E-01
 -170.740 -14.320 1.90720E-01
 -170.730 -14.320 1.89772E-01
 -170.720 -14.320 2.10035E-01
 -170.710 -14.320 2.49381E-01
 -170.700 -14.320 2.63175E-01
 -170.690 -14.320 3.55459E-01
 -170.680 -14.320 3.54229E-01
 -170.670 -14.320 3.52652E-01
 -170.660 -14.320 3.52658E-01
 -170.650 -14.320 3.50581E-01
 -170.640 -14.320 3.49362E-01
 -170.630 -14.320 3.48123E-01
 -170.620 -14.320 3.47128E-01
 -170.610 -14.320 3.45876E-01
 -170.600 -14.320 3.44360E-01
 -170.590 -14.320 3.43538E-01
 -170.580 -14.320 3.42319E-01
 -170.570 -14.320 3.40981E-01
 -170.560 -14.320 3.40908E-01
 -170.890 -14.330 3.86363E-01
 -170.880 -14.330 3.83560E-01
 -170.870 -14.330 3.83040E-01
 -170.860 -14.330 3.81137E-01
 -170.850 -14.330 3.79694E-01
 -170.840 -14.330 2.22525E-01
 -170.830 -14.330 1.99865E-01
 -170.820 -14.330 1.41831E-01
 -170.810 -14.330 1.77607E-01
 -170.800 -14.330 1.76758E-01
 -170.790 -14.330 1.40359E-01
 -170.780 -14.330 1.74718E-01
 -170.770 -14.330 1.38419E-01
 -170.760 -14.330 1.73203E-01
 -170.750 -14.330 1.92383E-01
 -170.740 -14.330 2.12725E-01
 -170.730 -14.330 2.11739E-01
 -170.720 -14.330 2.50614E-01
 -170.710 -14.330 2.65321E-01
 -170.700 -14.330 2.64126E-01
 -170.690 -14.330 3.57713E-01
 -170.680 -14.330 3.55088E-01
 -170.670 -14.330 3.53788E-01
 -170.660 -14.330 3.52744E-01
 -170.650 -14.330 3.51499E-01
 -170.640 -14.330 3.50596E-01
 -170.630 -14.330 3.49324E-01
 -170.620 -14.330 3.47670E-01
 -170.610 -14.330 3.46857E-01
 -170.600 -14.330 3.45596E-01
 -170.590 -14.330 3.44753E-01
 -170.580 -14.330 3.43115E-01
 -170.570 -14.330 3.41827E-01
 -170.560 -14.330 3.40734E-01
 -170.890 -14.340 3.90881E-01
 -170.880 -14.340 3.88354E-01
 -170.870 -14.340 3.85421E-01
 -170.860 -14.340 3.85244E-01
 -170.850 -14.340 3.81622E-01
 -170.840 -14.340 3.80115E-01
 -170.830 -14.340 2.80717E-01
 -170.820 -14.340 2.21682E-01
 -170.810 -14.340 2.78815E-01
 -170.800 -14.340 2.20485E-01
 -170.790 -14.340 1.98656E-01
 -170.780 -14.340 1.97201E-01
 -170.770 -14.340 1.95000E-01
 -170.760 -14.340 1.95304E-01
 -170.750 -14.340 1.93288E-01
 -170.740 -14.340 2.14056E-01
 -170.730 -14.340 2.12053E-01
 -170.720 -14.340 2.52342E-01
 -170.710 -14.340 2.66040E-01
 -170.700 -14.340 3.59820E-01
 -170.690 -14.340 3.60180E-01
 -170.680 -14.340 3.58088E-01
 -170.670 -14.340 3.55223E-01
 -170.660 -14.340 3.55893E-01
 -170.650 -14.340 3.52817E-01
 -170.640 -14.340 3.52095E-01
 -170.630 -14.340 3.49887E-01
 -170.620 -14.340 3.49322E-01
 -170.610 -14.340 3.47734E-01
 -170.600 -14.340 3.47301E-01
 -170.590 -14.340 3.47410E-01
 -170.580 -14.340 3.45577E-01
 -170.570 -14.340 3.43023E-01
 -170.560 -14.340 3.43439E-01
 -170.890 -14.350 3.94257E-01
 -170.880 -14.350 3.90282E-01
 -170.870 -14.350 3.89732E-01
 -170.860 -14.350 3.85300E-01
 -170.850 -14.350 3.80728E-01
 -170.840 -14.350 3.81438E-01
 -170.830 -14.350 3.80440E-01
 -170.820 -14.350 3.78635E-01
 -170.810 -14.350 3.79025E-01
 -170.800 -14.350 3.35632E-01
 -170.790 -14.350 2.21392E-01
 -170.780 -14.350 2.19557E-01
 -170.770 -14.350 2.19722E-01
 -170.760 -14.350 2.16495E-01
 -170.750 -14.350 2.14560E-01
 -170.740 -14.350 2.14847E-01
 -170.730 -14.350 2.14002E-01
 -170.720 -14.350 2.69086E-01
 -170.710 -14.350 3.64098E-01
 -170.700 -14.350 3.59841E-01
 -170.690 -14.350 3.61847E-01
 -170.680 -14.350 3.58730E-01
 -170.670 -14.350 3.59520E-01
 -170.660 -14.350 3.55417E-01
 -170.650 -14.350 3.52739E-01
 -170.640 -14.350 3.53181E-01
 -170.630 -14.350 3.51882E-01
 -170.620 -14.350 3.50780E-01
 -170.610 -14.350 3.50769E-01
 -170.600 -14.350 3.47017E-01
 -170.590 -14.350 3.48451E-01
 -170.580 -14.350 3.45758E-01
 -170.570 -14.350 3.46390E-01
 -170.560 -14.350 3.43013E-01
 -170.890 -14.360 3.91883E-01
 -170.880 -14.360 3.90559E-01
 -170.870 -14.360 3.87803E-01
 -170.860 -14.360 3.86028E-01
 -170.850 -14.360 3.84916E-01
 -170.840 -14.360 3.82794E-01
 -170.830 -14.360 3.80953E-01
 -170.820 -14.360 3.79904E-01
 -170.810 -14.360 3.78856E-01
 -170.800 -14.360 3.77537E-01
 -170.790 -14.360 2.79062E-01
 -170.780 -14.360 2.20268E-01
 -170.770 -14.360 1.97081E-01
 -170.760 -14.360 1.95768E-01
 -170.750 -14.360 1.94900E-01
 -170.740 -14.360 2.15517E-01
 -170.730 -14.360 2.70450E-01
 -170.720 -14.360 3.64921E-01
 -170.710 -14.360 3.64208E-01
 -170.700 -14.360 3.62858E-01
 -170.690 -14.360 3.60377E-01
 -170.680 -14.360 3.59669E-01
 -170.670 -14.360 3.57972E-01
 -170.660 -14.360 3.56064E-01
 -170.650 -14.360 3.54919E-01
 -170.640 -14.360 3.53776E-01
 -170.630 -14.360 3.51894E-01
 -170.620 -14.360 3.51822E-01
 -170.610 -14.360 3.50991E-01
 -170.600 -14.360 3.49658E-01
 -170.590 -14.360 3.47650E-01
 -170.580 -14.360 3.46591E-01
 -170.570 -14.360 3.45405E-01
 -170.560 -14.360 3.43819E-01
 -170.890 -14.370 3.95105E-01
 -170.880 -14.370 3.92080E-01
 -170.870 -14.370 3.89678E-01
 -170.860 -14.370 3.87802E-01
 -170.850 -14.370 3.85632E-01
 -170.840 -14.370 3.84007E-01
 -170.830 -14.370 3.84110E-01
 -170.820 -14.370 3.81424E-01
 -170.810 -14.370 3.81509E-01
 -170.800 -14.370 3.78875E-01
 -170.790 -14.370 3.77657E-01
 -170.780 -14.370 3.36358E-01
 -170.770 -14.370 2.19803E-01
 -170.760 -14.370 2.18335E-01
 -170.750 -14.370 2.17310E-01
 -170.740 -14.370 2.73462E-01
 -170.730 -14.370 3.68579E-01
 -170.720 -14.370 3.66316E-01
 -170.710 -14.370 3.65750E-01
 -170.700 -14.370 3.63996E-01
 -170.690 -14.370 3.62256E-01
 -170.680 -14.370 3.60456E-01
 -170.670 -14.370 3.59203E-01
 -170.660 -14.370 3.57542E-01
 -170.650 -14.370 3.55811E-01
 -170.640 -14.370 3.55120E-01
 -170.630 -14.370 3.54274E-01
 -170.620 -14.370 3.52723E-01
 -170.610 -14.370 3.51640E-01
 -170.600 -14.370 3.50247E-01
 -170.590 -14.370 3.48528E-01
 -170.580 -14.370 3.47450E-01
 -170.570 -14.370 3.46312E-01
 -170.560 -14.370 3.44919E-01
 -170.890 -14.380 3.95204E-01
 -170.880 -14.380 3.94361E-01
 -170.870 -14.380 3.91460E-01
 -170.860 -14.380 3.91604E-01
 -170.850 -14.380 3.87903E-01
 -170.840 -14.380 3.88415E-01
 -170.830 -14.380 3.84967E-01
 -170.820 -14.380 3.83043E-01
 -170.810 -14.380 3.82014E-01
 -170.800 -14.380 3.80996E-01
 -170.790 -14.380 3.78206E-01
 -170.780 -14.380 3.77675E-01
 -170.770 -14.380 3.74878E-01
 -170.760 -14.380 2.78989E-01
 -170.750 -14.380 2.76350E-01
 -170.740 -14.380 3.72680E-01
 -170.730 -14.380 3.69222E-01
 -170.720 -14.380 3.66873E-01
 -170.710 -14.380 3.66277E-01
 -170.700 -14.380 3.65485E-01
 -170.690 -14.380 3.63193E-01
 -170.680 -14.380 3.62345E-01
 -170.670 -14.380 3.60024E-01
 -170.660 -14.380 3.60144E-01
 -170.650 -14.380 3.57599E-01
 -170.640 -14.380 3.57575E-01
 -170.630 -14.380 3.55162E-01
 -170.620 -14.380 3.53272E-01
 -170.610 -14.380 3.52582E-01
 -170.600 -14.380 3.51840E-01
 -170.590 -14.380 3.49788E-01
 -170.580 -14.380 3.48891E-01
 -170.570 -14.380 3.47177E-01
 -170.560 -14.380 3.46913E-01
 -170.890 -14.390 3.97821E-01
 -170.880 -14.390 3.94373E-01
 -170.870 -14.390 3.93903E-01
 -170.860 -14.390 3.91819E-01
 -170.850 -14.390 3.90958E-01
 -170.840 -14.390 3.90234E-01
 -170.830 -14.390 3.89285E-01
 -170.820 -14.390 3.86628E-01
 -170.810 -14.390 3.84130E-01
 -170.800 -14.390 3.81545E-01
 -170.790 -14.390 3.80830E-01
 -170.780 -14.390 3.78037E-01
 -170.770 -14.390 3.76636E-01
 -170.760 -14.390 3.74814E-01
 -170.750 -14.390 3.73997E-01
 -170.740 -14.390 3.73799E-01
 -170.730 -14.390 3.72835E-01
 -170.720 -14.390 3.70143E-01
 -170.710 -14.390 3.68517E-01
 -170.700 -14.390 3.65954E-01
 -170.690 -14.390 3.65566E-01
 -170.680 -14.390 3.63047E-01
 -170.670 -14.390 3.61921E-01
 -170.660 -14.390 3.60366E-01
 -170.650 -14.390 3.59348E-01
 -170.640 -14.390 3.59349E-01
 -170.630 -14.390 3.58130E-01
 -170.620 -14.390 3.55614E-01
 -170.610 -14.390 3.54599E-01
 -170.600 -14.390 3.52073E-01
 -170.590 -14.390 3.50801E-01
 -170.580 -14.390 3.49648E-01
 -170.570 -14.390 3.48315E-01
 -170.560 -14.390 3.47318E-01
