#Pgm hazallXL.v2.f (harmsen) sums  7 hazard curves with site Vs30  760.0
#Long  Lat  SA(g) for spectral period  0.200 Rex 4.0400E-04
 -170.890 -14.210 4.28080E-01
 -170.880 -14.210 4.24748E-01
 -170.870 -14.210 4.22931E-01
 -170.860 -14.210 4.22861E-01
 -170.850 -14.210 4.20506E-01
 -170.840 -14.210 4.19663E-01
 -170.830 -14.210 4.16614E-01
 -170.820 -14.210 4.16962E-01
 -170.810 -14.210 4.15463E-01
 -170.800 -14.210 4.14895E-01
 -170.790 -14.210 4.13430E-01
 -170.780 -14.210 4.10830E-01
 -170.770 -14.210 4.08688E-01
 -170.760 -14.210 4.08844E-01
 -170.750 -14.210 4.06339E-01
 -170.740 -14.210 4.05775E-01
 -170.730 -14.210 4.03129E-01
 -170.720 -14.210 4.03815E-01
 -170.710 -14.210 4.02381E-01
 -170.700 -14.210 4.01613E-01
 -170.690 -14.210 4.00623E-01
 -170.680 -14.210 3.98527E-01
 -170.670 -14.210 3.96570E-01
 -170.660 -14.210 3.96503E-01
 -170.650 -14.210 3.93749E-01
 -170.640 -14.210 3.94100E-01
 -170.630 -14.210 3.91944E-01
 -170.620 -14.210 3.92745E-01
 -170.610 -14.210 3.91532E-01
 -170.600 -14.210 3.90591E-01
 -170.590 -14.210 3.90121E-01
 -170.580 -14.210 3.88704E-01
 -170.570 -14.210 3.86739E-01
 -170.560 -14.210 3.86929E-01
 -170.890 -14.220 4.28738E-01
 -170.880 -14.220 4.27052E-01
 -170.870 -14.220 4.24826E-01
 -170.860 -14.220 4.25209E-01
 -170.850 -14.220 4.22862E-01
 -170.840 -14.220 4.21743E-01
 -170.830 -14.220 4.19356E-01
 -170.820 -14.220 4.17958E-01
 -170.810 -14.220 4.17230E-01
 -170.800 -14.220 4.15517E-01
 -170.790 -14.220 4.13972E-01
 -170.780 -14.220 4.12037E-01
 -170.770 -14.220 4.10317E-01
 -170.760 -14.220 4.10324E-01
 -170.750 -14.220 4.08401E-01
 -170.740 -14.220 4.07491E-01
 -170.730 -14.220 4.05534E-01
 -170.720 -14.220 4.04043E-01
 -170.710 -14.220 4.03497E-01
 -170.700 -14.220 4.01477E-01
 -170.690 -14.220 4.00968E-01
 -170.680 -14.220 3.99215E-01
 -170.670 -14.220 3.97918E-01
 -170.660 -14.220 3.97855E-01
 -170.650 -14.220 3.96003E-01
 -170.640 -14.220 3.95324E-01
 -170.630 -14.220 3.93869E-01
 -170.620 -14.220 3.92605E-01
 -170.610 -14.220 3.92180E-01
 -170.600 -14.220 3.90528E-01
 -170.590 -14.220 3.90377E-01
 -170.580 -14.220 3.88782E-01
 -170.570 -14.220 3.87899E-01
 -170.560 -14.220 3.87926E-01
 -170.890 -14.230 4.31085E-01
 -170.880 -14.230 4.29324E-01
 -170.870 -14.230 4.27025E-01
 -170.860 -14.230 4.26019E-01
 -170.850 -14.230 4.24207E-01
 -170.840 -14.230 4.22813E-01
 -170.830 -14.230 4.20839E-01
 -170.820 -14.230 4.19337E-01
 -170.810 -14.230 4.18257E-01
 -170.800 -14.230 4.16891E-01
 -170.790 -14.230 4.15598E-01
 -170.780 -14.230 4.14175E-01
 -170.770 -14.230 4.11613E-01
 -170.760 -14.230 4.10868E-01
 -170.750 -14.230 4.09184E-01
 -170.740 -14.230 4.08304E-01
 -170.730 -14.230 4.06652E-01
 -170.720 -14.230 4.05285E-01
 -170.710 -14.230 4.04399E-01
 -170.700 -14.230 4.03145E-01
 -170.690 -14.230 4.01936E-01
 -170.680 -14.230 4.00741E-01
 -170.670 -14.230 3.98588E-01
 -170.660 -14.230 3.97973E-01
 -170.650 -14.230 3.96349E-01
 -170.640 -14.230 3.95929E-01
 -170.630 -14.230 3.94428E-01
 -170.620 -14.230 3.93625E-01
 -170.610 -14.230 3.92980E-01
 -170.600 -14.230 3.91656E-01
 -170.590 -14.230 3.90855E-01
 -170.580 -14.230 3.89951E-01
 -170.570 -14.230 3.88250E-01
 -170.560 -14.230 3.87715E-01
 -170.890 -14.240 4.35889E-01
 -170.880 -14.240 4.33156E-01
 -170.870 -14.240 4.29305E-01
 -170.860 -14.240 4.29994E-01
 -170.850 -14.240 4.27301E-01
 -170.840 -14.240 4.25323E-01
 -170.830 -14.240 4.22687E-01
 -170.820 -14.240 4.23061E-01
 -170.810 -14.240 4.20635E-01
 -170.800 -14.240 4.20100E-01
 -170.790 -14.240 4.20104E-01
 -170.780 -14.240 4.17500E-01
 -170.770 -14.240 4.13899E-01
 -170.760 -14.240 4.14067E-01
 -170.750 -14.240 4.12024E-01
 -170.740 -14.240 4.10413E-01
 -170.730 -14.240 4.07768E-01
 -170.720 -14.240 4.08525E-01
 -170.710 -14.240 4.06435E-01
 -170.700 -14.240 4.05486E-01
 -170.690 -14.240 4.05500E-01
 -170.680 -14.240 4.03685E-01
 -170.670 -14.240 4.00419E-01
 -170.660 -14.240 4.00467E-01
 -170.650 -14.240 3.98940E-01
 -170.640 -14.240 3.97279E-01
 -170.630 -14.240 3.95429E-01
 -170.620 -14.240 3.96303E-01
 -170.610 -14.240 3.94572E-01
 -170.600 -14.240 3.93935E-01
 -170.590 -14.240 3.93782E-01
 -170.580 -14.240 3.92185E-01
 -170.570 -14.240 3.89492E-01
 -170.560 -14.240 3.89655E-01
 -170.890 -14.250 4.36773E-01
 -170.880 -14.250 4.35499E-01
 -170.870 -14.250 4.34443E-01
 -170.860 -14.250 4.28796E-01
 -170.850 -14.250 4.26732E-01
 -170.840 -14.250 4.26293E-01
 -170.830 -14.250 4.25732E-01
 -170.820 -14.250 4.24829E-01
 -170.810 -14.250 4.22918E-01
 -170.800 -14.250 4.19281E-01
 -170.790 -14.250 4.20638E-01
 -170.780 -14.250 4.18774E-01
 -170.770 -14.250 4.18129E-01
 -170.760 -14.250 4.13108E-01
 -170.750 -14.250 4.11468E-01
 -170.740 -14.250 4.10840E-01
 -170.730 -14.250 4.10314E-01
 -170.720 -14.250 4.09720E-01
 -170.710 -14.250 4.07538E-01
 -170.700 -14.250 4.04999E-01
 -170.690 -14.250 4.05737E-01
 -170.680 -14.250 4.04247E-01
 -170.670 -14.250 4.03571E-01
 -170.660 -14.250 3.99591E-01
 -170.650 -14.250 3.98260E-01
 -170.640 -14.250 3.97643E-01
 -170.630 -14.250 3.97212E-01
 -170.620 -14.250 3.96696E-01
 -170.610 -14.250 3.95090E-01
 -170.600 -14.250 3.93078E-01
 -170.590 -14.250 3.93116E-01
 -170.580 -14.250 3.92426E-01
 -170.570 -14.250 3.91768E-01
 -170.560 -14.250 3.88697E-01
 -170.890 -14.260 4.39299E-01
 -170.880 -14.260 4.38368E-01
 -170.870 -14.260 4.34751E-01
 -170.860 -14.260 4.32564E-01
 -170.850 -14.260 4.31309E-01
 -170.840 -14.260 4.29661E-01
 -170.830 -14.260 4.27385E-01
 -170.820 -14.260 4.27423E-01
 -170.810 -14.260 4.26422E-01
 -170.800 -14.260 4.24869E-01
 -170.790 -14.260 4.22479E-01
 -170.780 -14.260 4.21153E-01
 -170.770 -14.260 4.18525E-01
 -170.760 -14.260 4.16483E-01
 -170.750 -14.260 4.15232E-01
 -170.740 -14.260 4.13624E-01
 -170.730 -14.260 4.11498E-01
 -170.720 -14.260 4.12169E-01
 -170.710 -14.260 4.11025E-01
 -170.700 -14.260 4.09331E-01
 -170.690 -14.260 4.07368E-01
 -170.680 -14.260 4.06497E-01
 -170.670 -14.260 4.04056E-01
 -170.660 -14.260 4.02393E-01
 -170.650 -14.260 4.01495E-01
 -170.640 -14.260 3.99925E-01
 -170.630 -14.260 3.98362E-01
 -170.620 -14.260 3.99147E-01
 -170.610 -14.260 3.97957E-01
 -170.600 -14.260 3.96665E-01
 -170.590 -14.260 3.95279E-01
 -170.580 -14.260 3.94474E-01
 -170.570 -14.260 3.92338E-01
 -170.560 -14.260 3.91231E-01
 -170.890 -14.270 4.41976E-01
 -170.880 -14.270 4.39458E-01
 -170.870 -14.270 4.37276E-01
 -170.860 -14.270 4.35124E-01
 -170.850 -14.270 4.32882E-01
 -170.840 -14.270 4.31604E-01
 -170.830 -14.270 4.31142E-01
 -170.820 -14.270 4.29117E-01
 -170.810 -14.270 4.27532E-01
 -170.800 -14.270 4.26193E-01
 -170.790 -14.270 4.24911E-01
 -170.780 -14.270 4.22568E-01
 -170.770 -14.270 4.20350E-01
 -170.760 -14.270 4.18522E-01
 -170.750 -14.270 4.16040E-01
 -170.740 -14.270 4.15341E-01
 -170.730 -14.270 4.14268E-01
 -170.720 -14.270 4.12948E-01
 -170.710 -14.270 4.11457E-01
 -170.700 -14.270 4.10481E-01
 -170.690 -14.270 4.08751E-01
 -170.680 -14.270 4.07303E-01
 -170.670 -14.270 4.05452E-01
 -170.660 -14.270 4.03816E-01
 -170.650 -14.270 4.01752E-01
 -170.640 -14.270 4.01402E-01
 -170.630 -14.270 4.00091E-01
 -170.620 -14.270 3.99525E-01
 -170.610 -14.270 3.98182E-01
 -170.600 -14.270 3.97326E-01
 -170.590 -14.270 3.96083E-01
 -170.580 -14.270 3.94834E-01
 -170.570 -14.270 3.93096E-01
 -170.560 -14.270 3.92230E-01
 -170.890 -14.280 4.43829E-01
 -170.880 -14.280 4.42359E-01
 -170.870 -14.280 4.39762E-01
 -170.860 -14.280 4.39650E-01
 -170.850 -14.280 4.36490E-01
 -170.840 -14.280 4.35459E-01
 -170.830 -14.280 4.33437E-01
 -170.820 -14.280 4.31542E-01
 -170.810 -14.280 4.31189E-01
 -170.800 -14.280 4.28996E-01
 -170.790 -14.280 4.27127E-01
 -170.780 -14.280 4.25179E-01
 -170.770 -14.280 4.22857E-01
 -170.760 -14.280 4.22564E-01
 -170.750 -14.280 4.19051E-01
 -170.740 -14.280 4.18772E-01
 -170.730 -14.280 4.16656E-01
 -170.720 -14.280 4.14538E-01
 -170.710 -14.280 4.14243E-01
 -170.700 -14.280 4.11974E-01
 -170.690 -14.280 4.10840E-01
 -170.680 -14.280 4.09297E-01
 -170.670 -14.280 4.07361E-01
 -170.660 -14.280 4.07255E-01
 -170.650 -14.280 4.04355E-01
 -170.640 -14.280 4.04004E-01
 -170.630 -14.280 4.02392E-01
 -170.620 -14.280 4.00592E-01
 -170.610 -14.280 4.00529E-01
 -170.600 -14.280 3.98612E-01
 -170.590 -14.280 3.97818E-01
 -170.580 -14.280 3.96331E-01
 -170.570 -14.280 3.95049E-01
 -170.560 -14.280 3.94744E-01
 -170.890 -14.290 4.47445E-01
 -170.880 -14.290 4.45098E-01
 -170.870 -14.290 4.41572E-01
 -170.860 -14.290 4.40570E-01
 -170.850 -14.290 4.38906E-01
 -170.840 -14.290 4.38898E-01
 -170.830 -14.290 4.36611E-01
 -170.820 -14.290 4.35502E-01
 -170.810 -14.290 4.34032E-01
 -170.800 -14.290 4.32009E-01
 -170.790 -14.290 4.29802E-01
 -170.780 -14.290 4.28046E-01
 -170.770 -14.290 4.24612E-01
 -170.760 -14.290 4.23690E-01
 -170.750 -14.290 4.21076E-01
 -170.740 -14.290 4.21845E-01
 -170.730 -14.290 4.19357E-01
 -170.720 -14.290 4.18549E-01
 -170.710 -14.290 4.17118E-01
 -170.700 -14.290 4.15073E-01
 -170.690 -14.290 4.13163E-01
 -170.680 -14.290 4.11830E-01
 -170.670 -14.290 4.08733E-01
 -170.660 -14.290 4.08162E-01
 -170.650 -14.290 4.05284E-01
 -170.640 -14.290 4.06402E-01
 -170.630 -14.290 4.04167E-01
 -170.620 -14.290 4.03910E-01
 -170.610 -14.290 4.02818E-01
 -170.600 -14.290 4.01009E-01
 -170.590 -14.290 3.99626E-01
 -170.580 -14.290 3.98608E-01
 -170.570 -14.290 3.95973E-01
 -170.560 -14.290 3.95616E-01
 -170.890 -14.300 4.50062E-01
 -170.880 -14.300 4.45901E-01
 -170.870 -14.300 4.45190E-01
 -170.860 -14.300 4.45401E-01
 -170.850 -14.300 4.39375E-01
 -170.840 -14.300 4.42224E-01
 -170.830 -14.300 4.39277E-01
 -170.820 -14.300 4.36549E-01
 -170.810 -14.300 4.34814E-01
 -170.800 -14.300 4.32754E-01
 -170.790 -14.300 4.32299E-01
 -170.780 -14.300 4.28666E-01
 -170.770 -14.300 4.26739E-01
 -170.760 -14.300 4.27400E-01
 -170.750 -14.300 4.22166E-01
 -170.740 -14.300 4.24501E-01
 -170.730 -14.300 4.21639E-01
 -170.720 -14.300 4.19041E-01
 -170.710 -14.300 4.17360E-01
 -170.700 -14.300 4.15802E-01
 -170.690 -14.300 4.15084E-01
 -170.680 -14.300 4.12155E-01
 -170.670 -14.300 4.09964E-01
 -170.660 -14.300 4.10754E-01
 -170.650 -14.300 4.06720E-01
 -170.640 -14.300 4.08679E-01
 -170.630 -14.300 4.05780E-01
 -170.620 -14.300 4.03654E-01
 -170.610 -14.300 4.02773E-01
 -170.600 -14.300 4.01797E-01
 -170.590 -14.300 4.00837E-01
 -170.580 -14.300 3.98442E-01
 -170.570 -14.300 3.96803E-01
 -170.560 -14.300 3.97578E-01
 -170.890 -14.310 4.53495E-01
 -170.880 -14.310 4.49673E-01
 -170.870 -14.310 4.47120E-01
 -170.860 -14.310 4.47374E-01
 -170.850 -14.310 4.44255E-01
 -170.840 -14.310 4.42867E-01
 -170.830 -14.310 4.39817E-01
 -170.820 -14.310 4.39588E-01
 -170.810 -14.310 4.38377E-01
 -170.800 -14.310 4.37192E-01
 -170.790 -14.310 4.34845E-01
 -170.780 -14.310 4.32141E-01
 -170.770 -14.310 4.29314E-01
 -170.760 -14.310 4.28720E-01
 -170.750 -14.310 4.25666E-01
 -170.740 -14.310 4.25024E-01
 -170.730 -14.310 4.22039E-01
 -170.720 -14.310 4.21987E-01
 -170.710 -14.310 4.20383E-01
 -170.700 -14.310 4.18976E-01
 -170.690 -14.310 4.17346E-01
 -170.680 -14.310 4.15200E-01
 -170.670 -14.310 4.12205E-01
 -170.660 -14.310 4.11560E-01
 -170.650 -14.310 4.08396E-01
 -170.640 -14.310 4.08817E-01
 -170.630 -14.310 4.06455E-01
 -170.620 -14.310 4.06507E-01
 -170.610 -14.310 4.05022E-01
 -170.600 -14.310 4.03879E-01
 -170.590 -14.310 4.02833E-01
 -170.580 -14.310 4.01169E-01
 -170.570 -14.310 3.98611E-01
 -170.560 -14.310 3.98283E-01
 -170.890 -14.320 4.54334E-01
 -170.880 -14.320 4.52543E-01
 -170.870 -14.320 4.49639E-01
 -170.860 -14.320 4.49352E-01
 -170.850 -14.320 4.47254E-01
 -170.840 -14.320 4.45324E-01
 -170.830 -14.320 4.42457E-01
 -170.820 -14.320 4.40744E-01
 -170.810 -14.320 4.39472E-01
 -170.800 -14.320 4.38878E-01
 -170.790 -14.320 4.35532E-01
 -170.780 -14.320 4.33679E-01
 -170.770 -14.320 4.31145E-01
 -170.760 -14.320 4.31236E-01
 -170.750 -14.320 4.28258E-01
 -170.740 -14.320 4.26798E-01
 -170.730 -14.320 4.24605E-01
 -170.720 -14.320 4.22876E-01
 -170.710 -14.320 4.21712E-01
 -170.700 -14.320 4.19473E-01
 -170.690 -14.320 4.17867E-01
 -170.680 -14.320 4.15820E-01
 -170.670 -14.320 4.14059E-01
 -170.660 -14.320 4.13591E-01
 -170.650 -14.320 4.10831E-01
 -170.640 -14.320 4.10057E-01
 -170.630 -14.320 4.08367E-01
 -170.620 -14.320 4.06783E-01
 -170.610 -14.320 4.05787E-01
 -170.600 -14.320 4.03755E-01
 -170.590 -14.320 4.03193E-01
 -170.580 -14.320 4.01334E-01
 -170.570 -14.320 4.00002E-01
 -170.560 -14.320 3.99756E-01
 -170.890 -14.330 4.56621E-01
 -170.880 -14.330 4.54088E-01
 -170.870 -14.330 4.52298E-01
 -170.860 -14.330 4.50395E-01
 -170.850 -14.330 4.48333E-01
 -170.840 -14.330 4.46487E-01
 -170.830 -14.330 4.44155E-01
 -170.820 -14.330 4.42281E-01
 -170.810 -14.330 4.40790E-01
 -170.800 -14.330 4.39143E-01
 -170.790 -14.330 4.37797E-01
 -170.780 -14.330 4.35100E-01
 -170.770 -14.330 4.32879E-01
 -170.760 -14.330 4.31602E-01
 -170.750 -14.330 4.29455E-01
 -170.740 -14.330 4.27938E-01
 -170.730 -14.330 4.25961E-01
 -170.720 -14.330 4.23964E-01
 -170.710 -14.330 4.22637E-01
 -170.700 -14.330 4.20708E-01
 -170.690 -14.330 4.19644E-01
 -170.680 -14.330 4.17095E-01
 -170.670 -14.330 4.14813E-01
 -170.660 -14.330 4.13978E-01
 -170.650 -14.330 4.11674E-01
 -170.640 -14.330 4.10863E-01
 -170.630 -14.330 4.09129E-01
 -170.620 -14.330 4.07738E-01
 -170.610 -14.330 4.06649E-01
 -170.600 -14.330 4.04984E-01
 -170.590 -14.330 4.03970E-01
 -170.580 -14.330 4.02360E-01
 -170.570 -14.330 4.00331E-01
 -170.560 -14.330 3.99436E-01
 -170.890 -14.340 4.62196E-01
 -170.880 -14.340 4.60185E-01
 -170.870 -14.340 4.55861E-01
 -170.860 -14.340 4.54736E-01
 -170.850 -14.340 4.51673E-01
 -170.840 -14.340 4.49203E-01
 -170.830 -14.340 4.46050E-01
 -170.820 -14.340 4.46054E-01
 -170.810 -14.340 4.44005E-01
 -170.800 -14.340 4.42776E-01
 -170.790 -14.340 4.41965E-01
 -170.780 -14.340 4.40029E-01
 -170.770 -14.340 4.35240E-01
 -170.760 -14.340 4.35339E-01
 -170.750 -14.340 4.32442E-01
 -170.740 -14.340 4.30432E-01
 -170.730 -14.340 4.26984E-01
 -170.720 -14.340 4.27619E-01
 -170.710 -14.340 4.24713E-01
 -170.700 -14.340 4.23849E-01
 -170.690 -14.340 4.23040E-01
 -170.680 -14.340 4.21327E-01
 -170.670 -14.340 4.17052E-01
 -170.660 -14.340 4.17144E-01
 -170.650 -14.340 4.14466E-01
 -170.640 -14.340 4.12866E-01
 -170.630 -14.340 4.10298E-01
 -170.620 -14.340 4.10606E-01
 -170.610 -14.340 4.08562E-01
 -170.600 -14.340 4.07877E-01
 -170.590 -14.340 4.07068E-01
 -170.580 -14.340 4.05760E-01
 -170.570 -14.340 4.02064E-01
 -170.560 -14.340 4.02100E-01
 -170.890 -14.350 4.64845E-01
 -170.880 -14.350 4.62436E-01
 -170.870 -14.350 4.60167E-01
 -170.860 -14.350 4.54933E-01
 -170.850 -14.350 4.50875E-01
 -170.840 -14.350 4.50204E-01
 -170.830 -14.350 4.49733E-01
 -170.820 -14.350 4.47837E-01
 -170.810 -14.350 4.46013E-01
 -170.800 -14.350 4.41546E-01
 -170.790 -14.350 4.42993E-01
 -170.780 -14.350 4.41195E-01
 -170.770 -14.350 4.39799E-01
 -170.760 -14.350 4.34404E-01
 -170.750 -14.350 4.31877E-01
 -170.740 -14.350 4.31219E-01
 -170.730 -14.350 4.30408E-01
 -170.720 -14.350 4.28701E-01
 -170.710 -14.350 4.26802E-01
 -170.700 -14.350 4.22942E-01
 -170.690 -14.350 4.24144E-01
 -170.680 -14.350 4.21919E-01
 -170.670 -14.350 4.21112E-01
 -170.660 -14.350 4.16290E-01
 -170.650 -14.350 4.13759E-01
 -170.640 -14.350 4.13138E-01
 -170.630 -14.350 4.12426E-01
 -170.620 -14.350 4.11433E-01
 -170.610 -14.350 4.09554E-01
 -170.600 -14.350 4.06498E-01
 -170.590 -14.350 4.07213E-01
 -170.580 -14.350 4.05502E-01
 -170.570 -14.350 4.04829E-01
 -170.560 -14.350 4.01085E-01
 -170.890 -14.360 4.66569E-01
 -170.880 -14.360 4.64864E-01
 -170.870 -14.360 4.60463E-01
 -170.860 -14.360 4.58287E-01
 -170.850 -14.360 4.56451E-01
 -170.840 -14.360 4.53598E-01
 -170.830 -14.360 4.51577E-01
 -170.820 -14.360 4.50786E-01
 -170.810 -14.360 4.49169E-01
 -170.800 -14.360 4.47725E-01
 -170.790 -14.360 4.44799E-01
 -170.780 -14.360 4.43804E-01
 -170.770 -14.360 4.39733E-01
 -170.760 -14.360 4.37353E-01
 -170.750 -14.360 4.35851E-01
 -170.740 -14.360 4.33850E-01
 -170.730 -14.360 4.31424E-01
 -170.720 -14.360 4.31522E-01
 -170.710 -14.360 4.30150E-01
 -170.700 -14.360 4.28648E-01
 -170.690 -14.360 4.25310E-01
 -170.680 -14.360 4.24433E-01
 -170.670 -14.360 4.21020E-01
 -170.660 -14.360 4.18806E-01
 -170.650 -14.360 4.17410E-01
 -170.640 -14.360 4.15527E-01
 -170.630 -14.360 4.13256E-01
 -170.620 -14.360 4.13942E-01
 -170.610 -14.360 4.12635E-01
 -170.600 -14.360 4.11381E-01
 -170.590 -14.360 4.08713E-01
 -170.580 -14.360 4.07685E-01
 -170.570 -14.360 4.05003E-01
 -170.560 -14.360 4.03429E-01
 -170.890 -14.370 4.69412E-01
 -170.880 -14.370 4.67043E-01
 -170.870 -14.370 4.63569E-01
 -170.860 -14.370 4.61043E-01
 -170.850 -14.370 4.57746E-01
 -170.840 -14.370 4.55582E-01
 -170.830 -14.370 4.55155E-01
 -170.820 -14.370 4.52383E-01
 -170.810 -14.370 4.51636E-01
 -170.800 -14.370 4.48546E-01
 -170.790 -14.370 4.47080E-01
 -170.780 -14.370 4.44614E-01
 -170.770 -14.370 4.42288E-01
 -170.760 -14.370 4.39426E-01
 -170.750 -14.370 4.37114E-01
 -170.740 -14.370 4.35748E-01
 -170.730 -14.370 4.35060E-01
 -170.720 -14.370 4.32644E-01
 -170.710 -14.370 4.31566E-01
 -170.700 -14.370 4.29091E-01
 -170.690 -14.370 4.27225E-01
 -170.680 -14.370 4.25211E-01
 -170.670 -14.370 4.23047E-01
 -170.660 -14.370 4.20842E-01
 -170.650 -14.370 4.18034E-01
 -170.640 -14.370 4.17259E-01
 -170.630 -14.370 4.16025E-01
 -170.620 -14.370 4.14440E-01
 -170.610 -14.370 4.13094E-01
 -170.600 -14.370 4.11232E-01
 -170.590 -14.370 4.09466E-01
 -170.580 -14.370 4.08170E-01
 -170.570 -14.370 4.06392E-01
 -170.560 -14.370 4.04666E-01
 -170.890 -14.380 4.72211E-01
 -170.880 -14.380 4.69585E-01
 -170.870 -14.380 4.66725E-01
 -170.860 -14.380 4.65981E-01
 -170.850 -14.380 4.61312E-01
 -170.840 -14.380 4.61086E-01
 -170.830 -14.380 4.57817E-01
 -170.820 -14.380 4.55159E-01
 -170.810 -14.380 4.54203E-01
 -170.800 -14.380 4.52980E-01
 -170.790 -14.380 4.49431E-01
 -170.780 -14.380 4.47247E-01
 -170.770 -14.380 4.44447E-01
 -170.760 -14.380 4.44162E-01
 -170.750 -14.380 4.40267E-01
 -170.740 -14.380 4.40266E-01
 -170.730 -14.380 4.37289E-01
 -170.720 -14.380 4.34359E-01
 -170.710 -14.380 4.33598E-01
 -170.700 -14.380 4.32781E-01
 -170.690 -14.380 4.29579E-01
 -170.680 -14.380 4.27424E-01
 -170.670 -14.380 4.25043E-01
 -170.660 -14.380 4.24694E-01
 -170.650 -14.380 4.20789E-01
 -170.640 -14.380 4.21006E-01
 -170.630 -14.380 4.18378E-01
 -170.620 -14.380 4.15853E-01
 -170.610 -14.380 4.15084E-01
 -170.600 -14.380 4.14361E-01
 -170.590 -14.380 4.11600E-01
 -170.580 -14.380 4.09739E-01
 -170.570 -14.380 4.08113E-01
 -170.560 -14.380 4.07612E-01
 -170.890 -14.390 4.76158E-01
 -170.880 -14.390 4.72336E-01
 -170.870 -14.390 4.69589E-01
 -170.860 -14.390 4.67382E-01
 -170.850 -14.390 4.64578E-01
 -170.840 -14.390 4.63809E-01
 -170.830 -14.390 4.61731E-01
 -170.820 -14.390 4.60343E-01
 -170.810 -14.390 4.57647E-01
 -170.800 -14.390 4.55040E-01
 -170.790 -14.390 4.53089E-01
 -170.780 -14.390 4.50131E-01
 -170.770 -14.390 4.46617E-01
 -170.760 -14.390 4.44918E-01
 -170.750 -14.390 4.42061E-01
 -170.740 -14.390 4.41922E-01
 -170.730 -14.390 4.40246E-01
 -170.720 -14.390 4.38812E-01
 -170.710 -14.390 4.36801E-01
 -170.700 -14.390 4.34298E-01
 -170.690 -14.390 4.32933E-01
 -170.680 -14.390 4.30157E-01
 -170.670 -14.390 4.26917E-01
 -170.660 -14.390 4.25624E-01
 -170.650 -14.390 4.22397E-01
 -170.640 -14.390 4.22844E-01
 -170.630 -14.390 4.20724E-01
 -170.620 -14.390 4.19506E-01
 -170.610 -14.390 4.18099E-01
 -170.600 -14.390 4.15382E-01
 -170.590 -14.390 4.13714E-01
 -170.580 -14.390 4.12130E-01
 -170.570 -14.390 4.09142E-01
 -170.560 -14.390 4.08519E-01
