#Pgm hazallXL.v2.f (harmsen) sums  1 hazard curves with site Vs30    0.0
#Long  Lat  SA(g) for spectral period  0.200 Rex 4.0400E-04
 -170.890 -14.210 5.93559E-01
 -170.880 -14.210 5.90170E-01
 -170.870 -14.210 5.88746E-01
 -170.860 -14.210 5.88660E-01
 -170.850 -14.210 5.86477E-01
 -170.840 -14.210 5.85024E-01
 -170.830 -14.210 5.81427E-01
 -170.820 -14.210 5.81322E-01
 -170.810 -14.210 5.79068E-01
 -170.800 -14.210 5.78504E-01
 -170.790 -14.210 5.76733E-01
 -170.780 -14.210 5.74187E-01
 -170.770 -14.210 5.72306E-01
 -170.760 -14.210 5.72508E-01
 -170.750 -14.210 5.70114E-01
 -170.740 -14.210 5.68988E-01
 -170.730 -14.210 5.65886E-01
 -170.720 -14.210 5.66228E-01
 -170.710 -14.210 5.64060E-01
 -170.700 -14.210 5.63232E-01
 -170.690 -14.210 5.62065E-01
 -170.680 -14.210 5.60077E-01
 -170.670 -14.210 5.58394E-01
 -170.660 -14.210 5.58308E-01
 -170.650 -14.210 5.55569E-01
 -170.640 -14.210 5.55566E-01
 -170.630 -14.210 5.53068E-01
 -170.620 -14.210 5.53559E-01
 -170.610 -14.210 5.51676E-01
 -170.600 -14.210 5.50614E-01
 -170.590 -14.210 5.50091E-01
 -170.580 -14.210 5.48911E-01
 -170.570 -14.210 5.47178E-01
 -170.560 -14.210 5.47406E-01
 -170.890 -14.220 5.94862E-01
 -170.880 -14.220 5.93570E-01
 -170.870 -14.220 5.90671E-01
 -170.860 -14.220 5.91310E-01
 -170.850 -14.220 5.88911E-01
 -170.840 -14.220 5.87363E-01
 -170.830 -14.220 5.84481E-01
 -170.820 -14.220 5.83103E-01
 -170.810 -14.220 5.81690E-01
 -170.800 -14.220 5.79912E-01
 -170.790 -14.220 5.77893E-01
 -170.780 -14.220 5.76256E-01
 -170.770 -14.220 5.73966E-01
 -170.760 -14.220 5.74159E-01
 -170.750 -14.220 5.72231E-01
 -170.740 -14.220 5.70936E-01
 -170.730 -14.220 5.68566E-01
 -170.720 -14.220 5.67067E-01
 -170.710 -14.220 5.65894E-01
 -170.700 -14.220 5.63722E-01
 -170.690 -14.220 5.62975E-01
 -170.680 -14.220 5.61520E-01
 -170.670 -14.220 5.59752E-01
 -170.660 -14.220 5.59838E-01
 -170.650 -14.220 5.57970E-01
 -170.640 -14.220 5.56943E-01
 -170.630 -14.220 5.55185E-01
 -170.620 -14.220 5.53947E-01
 -170.610 -14.220 5.52930E-01
 -170.600 -14.220 5.51200E-01
 -170.590 -14.220 5.50900E-01
 -170.580 -14.220 5.49595E-01
 -170.570 -14.220 5.48339E-01
 -170.560 -14.220 5.48522E-01
 -170.890 -14.230 5.98106E-01
 -170.880 -14.230 5.96186E-01
 -170.870 -14.230 5.93845E-01
 -170.860 -14.230 5.92851E-01
 -170.850 -14.230 5.90801E-01
 -170.840 -14.230 5.89098E-01
 -170.830 -14.230 5.86725E-01
 -170.820 -14.230 5.84680E-01
 -170.810 -14.230 5.83330E-01
 -170.800 -14.230 5.81834E-01
 -170.790 -14.230 5.80285E-01
 -170.780 -14.230 5.78749E-01
 -170.770 -14.230 5.76035E-01
 -170.760 -14.230 5.75346E-01
 -170.750 -14.230 5.73471E-01
 -170.740 -14.230 5.72366E-01
 -170.730 -14.230 5.70384E-01
 -170.720 -14.230 5.68501E-01
 -170.710 -14.230 5.67397E-01
 -170.700 -14.230 5.66020E-01
 -170.690 -14.230 5.64565E-01
 -170.680 -14.230 5.63298E-01
 -170.670 -14.230 5.40937E-01
 -170.660 -14.230 5.60500E-01
 -170.650 -14.230 5.58685E-01
 -170.640 -14.230 5.58140E-01
 -170.630 -14.230 5.56326E-01
 -170.620 -14.230 5.55142E-01
 -170.610 -14.230 5.54331E-01
 -170.600 -14.230 5.52862E-01
 -170.590 -14.230 5.51882E-01
 -170.580 -14.230 5.50970E-01
 -170.570 -14.230 5.49261E-01
 -170.560 -14.230 5.48773E-01
 -170.890 -14.240 6.04220E-01
 -170.880 -14.240 6.00788E-01
 -170.870 -14.240 5.96622E-01
 -170.860 -14.240 5.97439E-01
 -170.850 -14.240 5.94120E-01
 -170.840 -14.240 5.91974E-01
 -170.830 -14.240 5.89034E-01
 -170.820 -14.240 5.89015E-01
 -170.810 -14.240 5.86101E-01
 -170.800 -14.240 5.85535E-01
 -170.790 -14.240 5.85592E-01
 -170.780 -14.240 5.82632E-01
 -170.770 -14.240 5.78885E-01
 -170.760 -14.240 5.79080E-01
 -170.750 -14.240 5.76510E-01
 -170.740 -14.240 5.74813E-01
 -170.730 -14.240 5.71805E-01
 -170.720 -14.240 5.72289E-01
 -170.710 -14.240 5.69779E-01
 -170.700 -14.240 5.68673E-01
 -170.690 -14.240 5.49172E-01
 -170.680 -14.240 5.57161E-01
 -170.670 -14.240 5.43275E-01
 -170.660 -14.240 5.45027E-01
 -170.650 -14.240 5.61465E-01
 -170.640 -14.240 5.39405E-01
 -170.630 -14.240 5.57636E-01
 -170.620 -14.240 5.58275E-01
 -170.610 -14.240 5.56191E-01
 -170.600 -14.240 5.55463E-01
 -170.590 -14.240 5.55355E-01
 -170.580 -14.240 5.32937E-01
 -170.570 -14.240 5.29932E-01
 -170.560 -14.240 5.30102E-01
 -170.890 -14.250 6.05917E-01
 -170.880 -14.250 6.04065E-01
 -170.870 -14.250 6.03171E-01
 -170.860 -14.250 5.96541E-01
 -170.850 -14.250 5.93572E-01
 -170.840 -14.250 5.93693E-01
 -170.830 -14.250 5.92812E-01
 -170.820 -14.250 5.91294E-01
 -170.810 -14.250 5.89326E-01
 -170.800 -14.250 5.84953E-01
 -170.790 -14.250 5.86789E-01
 -170.780 -14.250 5.84354E-01
 -170.770 -14.250 5.84079E-01
 -170.760 -14.250 5.78466E-01
 -170.750 -14.250 5.76013E-01
 -170.740 -14.250 5.75876E-01
 -170.730 -14.250 5.75024E-01
 -170.720 -14.250 5.73912E-01
 -170.710 -14.250 5.52009E-01
 -170.700 -14.250 5.38018E-01
 -170.690 -14.250 4.05737E-01
 -170.680 -14.250 5.30480E-01
 -170.670 -14.250 5.29998E-01
 -170.660 -14.250 3.99591E-01
 -170.650 -14.250 5.29210E-01
 -170.640 -14.250 5.28554E-01
 -170.630 -14.250 5.27851E-01
 -170.620 -14.250 5.26998E-01
 -170.610 -14.250 5.46010E-01
 -170.600 -14.250 5.43241E-01
 -170.590 -14.250 5.43375E-01
 -170.580 -14.250 5.21377E-01
 -170.570 -14.250 5.20716E-01
 -170.560 -14.250 5.37614E-01
 -170.890 -14.260 6.08586E-01
 -170.880 -14.260 6.07484E-01
 -170.870 -14.260 6.03283E-01
 -170.860 -14.260 6.00452E-01
 -170.850 -14.260 5.98688E-01
 -170.840 -14.260 5.97012E-01
 -170.830 -14.260 5.94460E-01
 -170.820 -14.260 5.94033E-01
 -170.810 -14.260 5.92926E-01
 -170.800 -14.260 5.91116E-01
 -170.790 -14.260 5.88335E-01
 -170.780 -14.260 5.86858E-01
 -170.770 -14.260 5.84288E-01
 -170.760 -14.260 5.81871E-01
 -170.750 -14.260 5.80193E-01
 -170.740 -14.260 5.78546E-01
 -170.730 -14.260 5.76146E-01
 -170.720 -14.260 5.68444E-01
 -170.710 -14.260 4.11025E-01
 -170.700 -14.260 4.09331E-01
 -170.690 -14.260 5.40830E-01
 -170.680 -14.260 5.39643E-01
 -170.670 -14.260 5.36723E-01
 -170.660 -14.260 4.02393E-01
 -170.650 -14.260 4.01495E-01
 -170.640 -14.260 5.31277E-01
 -170.630 -14.260 5.29241E-01
 -170.620 -14.260 5.30007E-01
 -170.610 -14.260 5.49487E-01
 -170.600 -14.260 5.26726E-01
 -170.590 -14.260 5.24955E-01
 -170.580 -14.260 5.23873E-01
 -170.570 -14.260 5.16284E-01
 -170.560 -14.260 5.19850E-01
 -170.890 -14.270 6.11900E-01
 -170.880 -14.270 6.08796E-01
 -170.870 -14.270 6.06384E-01
 -170.860 -14.270 6.03740E-01
 -170.850 -14.270 6.00961E-01
 -170.840 -14.270 5.99268E-01
 -170.830 -14.270 5.98741E-01
 -170.820 -14.270 5.95986E-01
 -170.810 -14.270 5.94125E-01
 -170.800 -14.270 5.92671E-01
 -170.790 -14.270 5.91108E-01
 -170.780 -14.270 5.88509E-01
 -170.770 -14.270 5.86296E-01
 -170.760 -14.270 5.84248E-01
 -170.750 -14.270 5.81444E-01
 -170.740 -14.270 5.80585E-01
 -170.730 -14.270 5.62198E-01
 -170.720 -14.270 5.40995E-01
 -170.710 -14.270 5.46257E-01
 -170.700 -14.270 5.44949E-01
 -170.690 -14.270 4.08751E-01
 -170.680 -14.270 4.07303E-01
 -170.670 -14.270 4.05452E-01
 -170.660 -14.270 4.03816E-01
 -170.650 -14.270 5.33719E-01
 -170.640 -14.270 5.33163E-01
 -170.630 -14.270 4.00091E-01
 -170.620 -14.270 3.99525E-01
 -170.610 -14.270 5.28833E-01
 -170.600 -14.270 5.27702E-01
 -170.590 -14.270 5.26070E-01
 -170.580 -14.270 5.19178E-01
 -170.570 -14.270 5.22303E-01
 -170.560 -14.270 5.42061E-01
 -170.890 -14.280 6.13676E-01
 -170.880 -14.280 6.12516E-01
 -170.870 -14.280 6.08902E-01
 -170.860 -14.280 6.09025E-01
 -170.850 -14.280 6.05306E-01
 -170.840 -14.280 6.03707E-01
 -170.830 -14.280 6.00982E-01
 -170.820 -14.280 5.98878E-01
 -170.810 -14.280 5.97848E-01
 -170.800 -14.280 5.95561E-01
 -170.790 -14.280 5.75123E-01
 -170.780 -14.280 5.73146E-01
 -170.770 -14.280 5.70175E-01
 -170.760 -14.280 5.69929E-01
 -170.750 -14.280 5.84649E-01
 -170.740 -14.280 5.77229E-01
 -170.730 -14.280 5.52975E-01
 -170.720 -14.280 5.42899E-01
 -170.710 -14.280 5.49681E-01
 -170.700 -14.280 4.11974E-01
 -170.690 -14.280 5.45190E-01
 -170.680 -14.280 5.64683E-01
 -170.670 -14.280 5.40796E-01
 -170.660 -14.280 5.40679E-01
 -170.650 -14.280 4.04355E-01
 -170.640 -14.280 4.04004E-01
 -170.630 -14.280 5.28274E-01
 -170.620 -14.280 5.53055E-01
 -170.610 -14.280 5.52744E-01
 -170.600 -14.280 5.29263E-01
 -170.590 -14.280 5.28153E-01
 -170.580 -14.280 5.26420E-01
 -170.570 -14.280 5.45585E-01
 -170.560 -14.280 5.36096E-01
 -170.890 -14.290 6.17617E-01
 -170.880 -14.290 6.15318E-01
 -170.870 -14.290 6.11388E-01
 -170.860 -14.290 6.10184E-01
 -170.850 -14.290 6.08633E-01
 -170.840 -14.290 6.08077E-01
 -170.830 -14.290 6.05261E-01
 -170.820 -14.290 6.03254E-01
 -170.810 -14.290 5.83368E-01
 -170.800 -14.290 5.72757E-01
 -170.790 -14.290 5.69810E-01
 -170.780 -14.290 5.67587E-01
 -170.770 -14.290 5.63498E-01
 -170.760 -14.290 5.62178E-01
 -170.750 -14.290 5.59000E-01
 -170.740 -14.290 4.21845E-01
 -170.730 -14.290 4.19357E-01
 -170.720 -14.290 4.18549E-01
 -170.710 -14.290 4.17118E-01
 -170.700 -14.290 4.15073E-01
 -170.690 -14.290 4.13163E-01
 -170.680 -14.290 5.46346E-01
 -170.670 -14.290 5.53183E-01
 -170.660 -14.290 5.41813E-01
 -170.650 -14.290 5.31894E-01
 -170.640 -14.290 5.39577E-01
 -170.630 -14.290 5.57873E-01
 -170.620 -14.290 5.66695E-01
 -170.610 -14.290 5.64956E-01
 -170.600 -14.290 5.53143E-01
 -170.590 -14.290 5.41458E-01
 -170.580 -14.290 5.60601E-01
 -170.570 -14.290 5.58076E-01
 -170.560 -14.290 5.37194E-01
 -170.890 -14.300 6.21125E-01
 -170.880 -14.300 6.16609E-01
 -170.870 -14.300 6.16152E-01
 -170.860 -14.300 6.16463E-01
 -170.850 -14.300 6.09079E-01
 -170.840 -14.300 6.12464E-01
 -170.830 -14.300 6.05627E-01
 -170.820 -14.300 5.79654E-01
 -170.810 -14.300 5.67868E-01
 -170.800 -14.300 4.32754E-01
 -170.790 -14.300 4.32299E-01
 -170.780 -14.300 4.28666E-01
 -170.770 -14.300 4.26739E-01
 -170.760 -14.300 4.27400E-01
 -170.750 -14.300 5.52323E-01
 -170.740 -14.300 5.55606E-01
 -170.730 -14.300 5.59596E-01
 -170.720 -14.300 4.19041E-01
 -170.710 -14.300 5.46250E-01
 -170.700 -14.300 4.15802E-01
 -170.690 -14.300 4.15084E-01
 -170.680 -14.300 5.47018E-01
 -170.670 -14.300 5.54694E-01
 -170.660 -14.300 5.55666E-01
 -170.650 -14.300 5.50980E-01
 -170.640 -14.300 5.53736E-01
 -170.630 -14.300 5.69412E-01
 -170.620 -14.300 5.66726E-01
 -170.610 -14.300 5.65025E-01
 -170.600 -14.300 5.63236E-01
 -170.590 -14.300 5.62819E-01
 -170.580 -14.300 5.60743E-01
 -170.570 -14.300 5.59049E-01
 -170.560 -14.300 5.60026E-01
 -170.890 -14.310 6.25334E-01
 -170.880 -14.310 6.21045E-01
 -170.870 -14.310 6.18550E-01
 -170.860 -14.310 6.18910E-01
 -170.850 -14.310 6.15485E-01
 -170.840 -14.310 5.88741E-01
 -170.830 -14.310 5.75026E-01
 -170.820 -14.310 4.39588E-01
 -170.810 -14.310 5.81807E-01
 -170.800 -14.310 5.80061E-01
 -170.790 -14.310 5.86925E-01
 -170.780 -14.310 5.94625E-01
 -170.770 -14.310 5.78170E-01
 -170.760 -14.310 5.68688E-01
 -170.750 -14.310 5.64977E-01
 -170.740 -14.310 4.25024E-01
 -170.730 -14.310 5.60037E-01
 -170.720 -14.310 4.21987E-01
 -170.710 -14.310 5.57393E-01
 -170.700 -14.310 5.48323E-01
 -170.690 -14.310 5.62981E-01
 -170.680 -14.310 5.79584E-01
 -170.670 -14.310 5.76726E-01
 -170.660 -14.310 5.75989E-01
 -170.650 -14.310 5.72783E-01
 -170.640 -14.310 5.72884E-01
 -170.630 -14.310 5.70147E-01
 -170.620 -14.310 5.69730E-01
 -170.610 -14.310 5.67511E-01
 -170.600 -14.310 5.66258E-01
 -170.590 -14.310 5.65028E-01
 -170.580 -14.310 5.63580E-01
 -170.570 -14.310 5.61199E-01
 -170.560 -14.310 5.60828E-01
 -170.890 -14.320 6.27027E-01
 -170.880 -14.320 6.25516E-01
 -170.870 -14.320 6.21492E-01
 -170.860 -14.320 6.21309E-01
 -170.850 -14.320 6.01875E-01
 -170.840 -14.320 5.92174E-01
 -170.830 -14.320 5.78548E-01
 -170.820 -14.320 5.85673E-01
 -170.810 -14.320 4.39472E-01
 -170.800 -14.320 4.38878E-01
 -170.790 -14.320 4.35532E-01
 -170.780 -14.320 4.33679E-01
 -170.770 -14.320 4.31145E-01
 -170.760 -14.320 4.31236E-01
 -170.750 -14.320 4.28258E-01
 -170.740 -14.320 5.66099E-01
 -170.730 -14.320 5.63251E-01
 -170.720 -14.320 5.82686E-01
 -170.710 -14.320 5.70782E-01
 -170.700 -14.320 5.66022E-01
 -170.690 -14.320 5.82697E-01
 -170.680 -14.320 5.80965E-01
 -170.670 -14.320 5.78655E-01
 -170.660 -14.320 5.78291E-01
 -170.650 -14.320 5.75385E-01
 -170.640 -14.320 5.74256E-01
 -170.630 -14.320 5.72220E-01
 -170.620 -14.320 5.70625E-01
 -170.610 -14.320 5.68926E-01
 -170.600 -14.320 5.66745E-01
 -170.590 -14.320 5.65967E-01
 -170.580 -14.320 5.64393E-01
 -170.570 -14.320 5.62604E-01
 -170.560 -14.320 5.62489E-01
 -170.890 -14.330 6.30438E-01
 -170.880 -14.330 6.27390E-01
 -170.870 -14.330 6.25521E-01
 -170.860 -14.330 6.23256E-01
 -170.850 -14.330 6.20735E-01
 -170.840 -14.330 6.16169E-01
 -170.830 -14.330 5.90654E-01
 -170.820 -14.330 4.42281E-01
 -170.810 -14.330 5.76360E-01
 -170.800 -14.330 5.74109E-01
 -170.790 -14.330 4.37797E-01
 -170.780 -14.330 5.68645E-01
 -170.770 -14.330 4.32879E-01
 -170.760 -14.330 5.64131E-01
 -170.750 -14.330 5.69814E-01
 -170.740 -14.330 5.89551E-01
 -170.730 -14.330 5.86894E-01
 -170.720 -14.330 5.73940E-01
 -170.710 -14.330 5.70044E-01
 -170.700 -14.330 5.67733E-01
 -170.690 -14.330 5.85226E-01
 -170.680 -14.330 5.82391E-01
 -170.670 -14.330 5.80054E-01
 -170.660 -14.330 5.79255E-01
 -170.650 -14.330 5.76658E-01
 -170.640 -14.330 5.75677E-01
 -170.630 -14.330 5.73599E-01
 -170.620 -14.330 5.71719E-01
 -170.610 -14.330 5.70373E-01
 -170.600 -14.330 5.68513E-01
 -170.590 -14.330 5.67304E-01
 -170.580 -14.330 5.65561E-01
 -170.570 -14.330 5.63491E-01
 -170.560 -14.330 5.62605E-01
 -170.890 -14.340 6.37643E-01
 -170.880 -14.340 6.35219E-01
 -170.870 -14.340 6.30250E-01
 -170.860 -14.340 6.28712E-01
 -170.850 -14.340 6.24651E-01
 -170.840 -14.340 6.21677E-01
 -170.830 -14.340 6.00401E-01
 -170.820 -14.340 6.15165E-01
 -170.810 -14.340 5.97322E-01
 -170.800 -14.340 6.10329E-01
 -170.790 -14.340 5.87180E-01
 -170.780 -14.340 5.84376E-01
 -170.770 -14.340 5.77728E-01
 -170.760 -14.340 5.77842E-01
 -170.750 -14.340 5.73569E-01
 -170.740 -14.340 5.92811E-01
 -170.730 -14.340 5.88283E-01
 -170.720 -14.340 5.78332E-01
 -170.710 -14.340 5.72531E-01
 -170.700 -14.340 5.90061E-01
 -170.690 -14.340 5.89228E-01
 -170.680 -14.340 5.87333E-01
 -170.670 -14.340 5.82862E-01
 -170.660 -14.340 5.82950E-01
 -170.650 -14.340 5.79648E-01
 -170.640 -14.340 5.77993E-01
 -170.630 -14.340 5.75103E-01
 -170.620 -14.340 5.75042E-01
 -170.610 -14.340 5.72614E-01
 -170.600 -14.340 5.71813E-01
 -170.590 -14.340 5.70960E-01
 -170.580 -14.340 5.69527E-01
 -170.570 -14.340 5.65696E-01
 -170.560 -14.340 5.65721E-01
 -170.890 -14.350 6.41541E-01
 -170.880 -14.350 6.38310E-01
 -170.870 -14.350 6.35874E-01
 -170.860 -14.350 6.29528E-01
 -170.850 -14.350 6.23725E-01
 -170.840 -14.350 6.23519E-01
 -170.830 -14.350 6.22710E-01
 -170.820 -14.350 6.19784E-01
 -170.810 -14.350 6.17703E-01
 -170.800 -14.350 5.95150E-01
 -170.790 -14.350 6.11074E-01
 -170.780 -14.350 6.08214E-01
 -170.770 -14.350 6.06459E-01
 -170.760 -14.350 5.98656E-01
 -170.750 -14.350 5.94748E-01
 -170.740 -14.350 5.94140E-01
 -170.730 -14.350 5.92911E-01
 -170.720 -14.350 5.77572E-01
 -170.710 -14.350 5.94056E-01
 -170.700 -14.350 5.89438E-01
 -170.690 -14.350 5.91098E-01
 -170.680 -14.350 5.88262E-01
 -170.670 -14.350 5.87811E-01
 -170.660 -14.350 5.82479E-01
 -170.650 -14.350 5.78978E-01
 -170.640 -14.350 5.78855E-01
 -170.630 -14.350 5.77802E-01
 -170.620 -14.350 5.76236E-01
 -170.610 -14.350 5.74311E-01
 -170.600 -14.350 5.70631E-01
 -170.590 -14.350 5.71695E-01
 -170.580 -14.350 5.69449E-01
 -170.570 -14.350 5.69125E-01
 -170.560 -14.350 5.65054E-01
 -170.890 -14.360 6.43167E-01
 -170.880 -14.360 6.41069E-01
 -170.870 -14.360 6.35966E-01
 -170.860 -14.360 6.33226E-01
 -170.850 -14.360 6.30611E-01
 -170.840 -14.360 6.27255E-01
 -170.830 -14.360 6.24762E-01
 -170.820 -14.360 6.23213E-01
 -170.810 -14.360 6.21175E-01
 -170.800 -14.360 6.19244E-01
 -170.790 -14.360 5.98354E-01
 -170.780 -14.360 6.11745E-01
 -170.770 -14.360 5.84037E-01
 -170.760 -14.360 5.80592E-01
 -170.750 -14.360 5.78315E-01
 -170.740 -14.360 5.97501E-01
 -170.730 -14.360 5.80968E-01
 -170.720 -14.360 5.98986E-01
 -170.710 -14.360 5.97426E-01
 -170.700 -14.360 5.95590E-01
 -170.690 -14.360 5.91815E-01
 -170.680 -14.360 5.90921E-01
 -170.670 -14.360 5.87429E-01
 -170.660 -14.360 5.84828E-01
 -170.650 -14.360 5.83002E-01
 -170.640 -14.360 5.81070E-01
 -170.630 -14.360 5.78496E-01
 -170.620 -14.360 5.78902E-01
 -170.610 -14.360 5.77397E-01
 -170.600 -14.360 5.75850E-01
 -170.590 -14.360 5.72849E-01
 -170.580 -14.360 5.71755E-01
 -170.570 -14.360 5.69102E-01
 -170.560 -14.360 5.67245E-01
 -170.890 -14.370 6.46520E-01
 -170.880 -14.370 6.43713E-01
 -170.870 -14.370 6.39736E-01
 -170.860 -14.370 6.36702E-01
 -170.850 -14.370 6.32580E-01
 -170.840 -14.370 6.29698E-01
 -170.830 -14.370 6.29114E-01
 -170.820 -14.370 6.25139E-01
 -170.810 -14.370 6.24176E-01
 -170.800 -14.370 6.20320E-01
 -170.790 -14.370 6.18393E-01
 -170.780 -14.370 5.98939E-01
 -170.770 -14.370 6.09715E-01
 -170.760 -14.370 6.05593E-01
 -170.750 -14.370 6.02316E-01
 -170.740 -14.370 5.86624E-01
 -170.730 -14.370 6.03782E-01
 -170.720 -14.370 6.00309E-01
 -170.710 -14.370 5.98962E-01
 -170.700 -14.370 5.96188E-01
 -170.690 -14.370 5.93983E-01
 -170.680 -14.370 5.91782E-01
 -170.670 -14.370 5.89640E-01
 -170.660 -14.370 5.87197E-01
 -170.650 -14.370 5.84026E-01
 -170.640 -14.370 5.83096E-01
 -170.630 -14.370 5.81604E-01
 -170.620 -14.370 5.79465E-01
 -170.610 -14.370 5.77860E-01
 -170.600 -14.370 5.75791E-01
 -170.590 -14.370 5.73690E-01
 -170.580 -14.370 5.72311E-01
 -170.570 -14.370 5.70578E-01
 -170.560 -14.370 5.68675E-01
 -170.890 -14.380 6.49427E-01
 -170.880 -14.380 6.46904E-01
 -170.870 -14.380 6.42974E-01
 -170.860 -14.380 6.42337E-01
 -170.850 -14.380 6.36757E-01
 -170.840 -14.380 6.36138E-01
 -170.830 -14.380 6.31837E-01
 -170.820 -14.380 6.28703E-01
 -170.810 -14.380 6.26870E-01
 -170.800 -14.380 6.25126E-01
 -170.790 -14.380 6.20824E-01
 -170.780 -14.380 6.18755E-01
 -170.770 -14.380 6.14882E-01
 -170.760 -14.380 5.97497E-01
 -170.750 -14.380 5.92511E-01
 -170.740 -14.380 6.09944E-01
 -170.730 -14.380 6.06045E-01
 -170.720 -14.380 6.02535E-01
 -170.710 -14.380 6.00990E-01
 -170.700 -14.380 5.99759E-01
 -170.690 -14.380 5.96195E-01
 -170.680 -14.380 5.94349E-01
 -170.670 -14.380 5.91347E-01
 -170.660 -14.380 5.91204E-01
 -170.650 -14.380 5.86916E-01
 -170.640 -14.380 5.86992E-01
 -170.630 -14.380 5.83829E-01
 -170.620 -14.380 5.81131E-01
 -170.610 -14.380 5.79700E-01
 -170.600 -14.380 5.78654E-01
 -170.590 -14.380 5.75696E-01
 -170.580 -14.380 5.74144E-01
 -170.570 -14.380 5.72033E-01
 -170.560 -14.380 5.71654E-01
 -170.890 -14.390 6.53007E-01
 -170.880 -14.390 6.49501E-01
 -170.870 -14.390 6.46812E-01
 -170.860 -14.390 6.44113E-01
 -170.850 -14.390 6.41141E-01
 -170.840 -14.390 6.39639E-01
 -170.830 -14.390 6.36962E-01
 -170.820 -14.390 6.34632E-01
 -170.810 -14.390 6.30499E-01
 -170.800 -14.390 6.27261E-01
 -170.790 -14.390 6.24695E-01
 -170.780 -14.390 6.21709E-01
 -170.770 -14.390 6.17875E-01
 -170.760 -14.390 6.15792E-01
 -170.750 -14.390 6.12684E-01
 -170.740 -14.390 6.12055E-01
 -170.730 -14.390 6.09992E-01
 -170.720 -14.390 6.07617E-01
 -170.710 -14.390 6.04456E-01
 -170.700 -14.390 6.01327E-01
 -170.690 -14.390 5.99548E-01
 -170.680 -14.390 5.96859E-01
 -170.670 -14.390 5.93718E-01
 -170.660 -14.390 5.92296E-01
 -170.650 -14.390 5.89022E-01
 -170.640 -14.390 5.89150E-01
 -170.630 -14.390 5.86745E-01
 -170.620 -14.390 5.84821E-01
 -170.610 -14.390 5.82688E-01
 -170.600 -14.390 5.79534E-01
 -170.590 -14.390 5.77589E-01
 -170.580 -14.390 5.76325E-01
 -170.570 -14.390 5.73437E-01
 -170.560 -14.390 5.72761E-01
