#Pgm hazallXL.v2.f (harmsen) sums  7 hazard curves with site Vs30  760.0
#Long  Lat  SA(g) for spectral period  0.000 Rex 4.0400E-04
 -170.890 -14.210 1.83827E-01
 -170.880 -14.210 1.82176E-01
 -170.870 -14.210 1.81308E-01
 -170.860 -14.210 1.81202E-01
 -170.850 -14.210 1.80154E-01
 -170.840 -14.210 1.79821E-01
 -170.830 -14.210 1.78560E-01
 -170.820 -14.210 1.78780E-01
 -170.810 -14.210 1.78329E-01
 -170.800 -14.210 1.78075E-01
 -170.790 -14.210 1.77441E-01
 -170.780 -14.210 1.76115E-01
 -170.770 -14.210 1.75109E-01
 -170.760 -14.210 1.75105E-01
 -170.750 -14.210 1.73983E-01
 -170.740 -14.210 1.73759E-01
 -170.730 -14.210 1.72656E-01
 -170.720 -14.210 1.73006E-01
 -170.710 -14.210 1.72556E-01
 -170.700 -14.210 1.72199E-01
 -170.690 -14.210 1.71767E-01
 -170.680 -14.210 1.70665E-01
 -170.670 -14.210 1.69741E-01
 -170.660 -14.210 1.69640E-01
 -170.650 -14.210 1.68399E-01
 -170.640 -14.210 1.68563E-01
 -170.630 -14.210 1.67658E-01
 -170.620 -14.210 1.68041E-01
 -170.610 -14.210 1.67661E-01
 -170.600 -14.210 1.67215E-01
 -170.590 -14.210 1.67005E-01
 -170.580 -14.210 1.66202E-01
 -170.570 -14.210 1.65271E-01
 -170.560 -14.210 1.65280E-01
 -170.890 -14.220 1.83938E-01
 -170.880 -14.220 1.83061E-01
 -170.870 -14.220 1.82157E-01
 -170.860 -14.220 1.82255E-01
 -170.850 -14.220 1.81199E-01
 -170.840 -14.220 1.80758E-01
 -170.830 -14.220 1.79762E-01
 -170.820 -14.220 1.79118E-01
 -170.810 -14.220 1.78934E-01
 -170.800 -14.220 1.78167E-01
 -170.790 -14.220 1.77523E-01
 -170.780 -14.220 1.76542E-01
 -170.770 -14.220 1.75845E-01
 -170.760 -14.220 1.75781E-01
 -170.750 -14.220 1.74906E-01
 -170.740 -14.220 1.74538E-01
 -170.730 -14.220 1.73719E-01
 -170.720 -14.220 1.73026E-01
 -170.710 -14.220 1.72901E-01
 -170.700 -14.220 1.71987E-01
 -170.690 -14.220 1.71782E-01
 -170.680 -14.220 1.70884E-01
 -170.670 -14.220 1.70355E-01
 -170.660 -14.220 1.70261E-01
 -170.650 -14.220 1.69412E-01
 -170.640 -14.220 1.69128E-01
 -170.630 -14.220 1.68518E-01
 -170.620 -14.220 1.67914E-01
 -170.610 -14.220 1.67821E-01
 -170.600 -14.220 1.67059E-01
 -170.590 -14.220 1.66996E-01
 -170.580 -14.220 1.66167E-01
 -170.570 -14.220 1.65804E-01
 -170.560 -14.220 1.65747E-01
 -170.890 -14.230 1.84797E-01
 -170.880 -14.230 1.84051E-01
 -170.870 -14.230 1.83030E-01
 -170.860 -14.230 1.82526E-01
 -170.850 -14.230 1.81732E-01
 -170.840 -14.230 1.81110E-01
 -170.830 -14.230 1.80325E-01
 -170.820 -14.230 1.79719E-01
 -170.810 -14.230 1.79253E-01
 -170.800 -14.230 1.78653E-01
 -170.790 -14.230 1.78100E-01
 -170.780 -14.230 1.77479E-01
 -170.770 -14.230 1.76333E-01
 -170.760 -14.230 1.75942E-01
 -170.750 -14.230 1.75199E-01
 -170.740 -14.230 1.74797E-01
 -170.730 -14.230 1.74133E-01
 -170.720 -14.230 1.73570E-01
 -170.710 -14.230 1.73183E-01
 -170.700 -14.230 1.72619E-01
 -170.690 -14.230 1.72093E-01
 -170.680 -14.230 1.71554E-01
 -170.670 -14.230 1.70578E-01
 -170.660 -14.230 1.70242E-01
 -170.650 -14.230 1.69516E-01
 -170.640 -14.230 1.69311E-01
 -170.630 -14.230 1.68695E-01
 -170.620 -14.230 1.68363E-01
 -170.610 -14.230 1.68074E-01
 -170.600 -14.230 1.67464E-01
 -170.590 -14.230 1.67109E-01
 -170.580 -14.230 1.66682E-01
 -170.570 -14.230 1.65893E-01
 -170.560 -14.230 1.65588E-01
 -170.890 -14.240 1.86994E-01
 -170.880 -14.240 1.85650E-01
 -170.870 -14.240 1.83962E-01
 -170.860 -14.240 1.84264E-01
 -170.850 -14.240 1.83112E-01
 -170.840 -14.240 1.82207E-01
 -170.830 -14.240 1.81069E-01
 -170.820 -14.240 1.81254E-01
 -170.810 -14.240 1.80240E-01
 -170.800 -14.240 1.79976E-01
 -170.790 -14.240 1.80012E-01
 -170.780 -14.240 1.78835E-01
 -170.770 -14.240 1.77279E-01
 -170.760 -14.240 1.77346E-01
 -170.750 -14.240 1.76471E-01
 -170.740 -14.240 1.75722E-01
 -170.730 -14.240 1.74570E-01
 -170.720 -14.240 1.74910E-01
 -170.710 -14.240 1.74030E-01
 -170.700 -14.240 1.73580E-01
 -170.690 -14.240 1.73607E-01
 -170.680 -14.240 1.72766E-01
 -170.670 -14.240 1.71337E-01
 -170.660 -14.240 1.71341E-01
 -170.650 -14.240 1.70684E-01
 -170.640 -14.240 1.69905E-01
 -170.630 -14.240 1.69092E-01
 -170.620 -14.240 1.69470E-01
 -170.610 -14.240 1.68733E-01
 -170.600 -14.240 1.68413E-01
 -170.590 -14.240 1.68355E-01
 -170.580 -14.240 1.67598E-01
 -170.570 -14.240 1.66403E-01
 -170.560 -14.240 1.66447E-01
 -170.890 -14.250 1.87394E-01
 -170.880 -14.250 1.86801E-01
 -170.870 -14.250 1.86238E-01
 -170.860 -14.250 1.83713E-01
 -170.850 -14.250 1.82875E-01
 -170.840 -14.250 1.82602E-01
 -170.830 -14.250 1.82382E-01
 -170.820 -14.250 1.82062E-01
 -170.810 -14.250 1.81239E-01
 -170.800 -14.250 1.79630E-01
 -170.790 -14.250 1.80230E-01
 -170.780 -14.250 1.79421E-01
 -170.770 -14.250 1.79080E-01
 -170.760 -14.250 1.76901E-01
 -170.750 -14.250 1.76241E-01
 -170.740 -14.250 1.75884E-01
 -170.730 -14.250 1.75671E-01
 -170.720 -14.250 1.75468E-01
 -170.710 -14.250 1.74516E-01
 -170.700 -14.250 1.73379E-01
 -170.690 -14.250 1.73704E-01
 -170.680 -14.250 1.73044E-01
 -170.670 -14.250 1.72685E-01
 -170.660 -14.250 1.70933E-01
 -170.650 -14.250 1.70400E-01
 -170.640 -14.250 1.70043E-01
 -170.630 -14.250 1.69863E-01
 -170.620 -14.250 1.69678E-01
 -170.610 -14.250 1.68967E-01
 -170.600 -14.250 1.68050E-01
 -170.590 -14.250 1.68061E-01
 -170.580 -14.250 1.67737E-01
 -170.570 -14.250 1.67380E-01
 -170.560 -14.250 1.66002E-01
 -170.890 -14.260 1.88604E-01
 -170.880 -14.260 1.88153E-01
 -170.870 -14.260 1.86392E-01
 -170.860 -14.260 1.85359E-01
 -170.850 -14.260 1.84867E-01
 -170.840 -14.260 1.84101E-01
 -170.830 -14.260 1.83112E-01
 -170.820 -14.260 1.83141E-01
 -170.810 -14.260 1.82753E-01
 -170.800 -14.260 1.82066E-01
 -170.790 -14.260 1.81032E-01
 -170.780 -14.260 1.80433E-01
 -170.770 -14.260 1.79264E-01
 -170.760 -14.260 1.78374E-01
 -170.750 -14.260 1.77883E-01
 -170.740 -14.260 1.77132E-01
 -170.730 -14.260 1.76200E-01
 -170.720 -14.260 1.76496E-01
 -170.710 -14.260 1.76031E-01
 -170.700 -14.260 1.75271E-01
 -170.690 -14.260 1.74417E-01
 -170.680 -14.260 1.74002E-01
 -170.670 -14.260 1.72911E-01
 -170.660 -14.260 1.72172E-01
 -170.650 -14.260 1.71816E-01
 -170.640 -14.260 1.71075E-01
 -170.630 -14.260 1.70379E-01
 -170.620 -14.260 1.70716E-01
 -170.610 -14.260 1.70216E-01
 -170.600 -14.260 1.69621E-01
 -170.590 -14.260 1.69008E-01
 -170.580 -14.260 1.68610E-01
 -170.570 -14.260 1.67645E-01
 -170.560 -14.260 1.67135E-01
 -170.890 -14.270 1.89963E-01
 -170.880 -14.270 1.88735E-01
 -170.870 -14.270 1.87659E-01
 -170.860 -14.270 1.86558E-01
 -170.850 -14.270 1.85536E-01
 -170.840 -14.270 1.84956E-01
 -170.830 -14.270 1.84803E-01
 -170.820 -14.270 1.83970E-01
 -170.810 -14.270 1.83286E-01
 -170.800 -14.270 1.82713E-01
 -170.790 -14.270 1.82169E-01
 -170.780 -14.270 1.81117E-01
 -170.770 -14.270 1.80112E-01
 -170.760 -14.270 1.79247E-01
 -170.750 -14.270 1.78195E-01
 -170.740 -14.270 1.77889E-01
 -170.730 -14.270 1.77459E-01
 -170.720 -14.270 1.76918E-01
 -170.710 -14.270 1.76270E-01
 -170.700 -14.270 1.75838E-01
 -170.690 -14.270 1.75089E-01
 -170.680 -14.270 1.74422E-01
 -170.670 -14.270 1.73570E-01
 -170.660 -14.270 1.72787E-01
 -170.650 -14.270 1.71896E-01
 -170.640 -14.270 1.71729E-01
 -170.630 -14.270 1.71183E-01
 -170.620 -14.270 1.70956E-01
 -170.610 -14.270 1.70365E-01
 -170.600 -14.270 1.69968E-01
 -170.590 -14.270 1.69423E-01
 -170.580 -14.270 1.68833E-01
 -170.570 -14.270 1.68023E-01
 -170.560 -14.270 1.67573E-01
 -170.890 -14.280 1.90993E-01
 -170.880 -14.280 1.90124E-01
 -170.870 -14.280 1.88917E-01
 -170.860 -14.280 1.88813E-01
 -170.850 -14.280 1.87279E-01
 -170.840 -14.280 1.86849E-01
 -170.830 -14.280 1.85962E-01
 -170.820 -14.280 1.85031E-01
 -170.810 -14.280 1.85009E-01
 -170.800 -14.280 1.84050E-01
 -170.790 -14.280 1.83263E-01
 -170.780 -14.280 1.82260E-01
 -170.770 -14.280 1.81279E-01
 -170.760 -14.280 1.81096E-01
 -170.750 -14.280 1.79536E-01
 -170.740 -14.280 1.79456E-01
 -170.730 -14.280 1.78593E-01
 -170.720 -14.280 1.77619E-01
 -170.710 -14.280 1.77605E-01
 -170.700 -14.280 1.76597E-01
 -170.690 -14.280 1.76119E-01
 -170.680 -14.280 1.75300E-01
 -170.670 -14.280 1.74479E-01
 -170.660 -14.280 1.74372E-01
 -170.650 -14.280 1.73071E-01
 -170.640 -14.280 1.72939E-01
 -170.630 -14.280 1.72276E-01
 -170.620 -14.280 1.71432E-01
 -170.610 -14.280 1.71503E-01
 -170.600 -14.280 1.70632E-01
 -170.590 -14.280 1.70290E-01
 -170.580 -14.280 1.69499E-01
 -170.570 -14.280 1.68952E-01
 -170.560 -14.280 1.68752E-01
 -170.890 -14.290 1.92938E-01
 -170.880 -14.290 1.91553E-01
 -170.870 -14.290 1.89773E-01
 -170.860 -14.290 1.89239E-01
 -170.850 -14.290 1.88422E-01
 -170.840 -14.290 1.88434E-01
 -170.830 -14.290 1.87447E-01
 -170.820 -14.290 1.87004E-01
 -170.810 -14.290 1.86534E-01
 -170.800 -14.290 1.85543E-01
 -170.790 -14.290 1.84621E-01
 -170.780 -14.290 1.83612E-01
 -170.770 -14.290 1.82035E-01
 -170.760 -14.290 1.81571E-01
 -170.750 -14.290 1.80406E-01
 -170.740 -14.290 1.80751E-01
 -170.730 -14.290 1.79748E-01
 -170.720 -14.290 1.79456E-01
 -170.710 -14.290 1.79030E-01
 -170.700 -14.290 1.78113E-01
 -170.690 -14.290 1.77303E-01
 -170.680 -14.290 1.76497E-01
 -170.670 -14.290 1.75069E-01
 -170.660 -14.290 1.74754E-01
 -170.650 -14.290 1.73465E-01
 -170.640 -14.290 1.73955E-01
 -170.630 -14.290 1.73037E-01
 -170.620 -14.290 1.72962E-01
 -170.610 -14.290 1.72651E-01
 -170.600 -14.290 1.71829E-01
 -170.590 -14.290 1.71227E-01
 -170.580 -14.290 1.70578E-01
 -170.570 -14.290 1.69349E-01
 -170.560 -14.290 1.69120E-01
 -170.890 -14.300 1.94168E-01
 -170.880 -14.300 1.91975E-01
 -170.870 -14.300 1.91509E-01
 -170.860 -14.300 1.91517E-01
 -170.850 -14.300 1.88617E-01
 -170.840 -14.300 1.90022E-01
 -170.830 -14.300 1.88709E-01
 -170.820 -14.300 1.87528E-01
 -170.810 -14.300 1.86945E-01
 -170.800 -14.300 1.86185E-01
 -170.790 -14.300 1.85717E-01
 -170.780 -14.300 1.83924E-01
 -170.770 -14.300 1.82967E-01
 -170.760 -14.300 1.83165E-01
 -170.750 -14.300 1.80854E-01
 -170.740 -14.300 1.81910E-01
 -170.730 -14.300 1.80740E-01
 -170.720 -14.300 1.79704E-01
 -170.710 -14.300 1.79176E-01
 -170.700 -14.300 1.78684E-01
 -170.690 -14.300 1.78150E-01
 -170.680 -14.300 1.76682E-01
 -170.670 -14.300 1.75615E-01
 -170.660 -14.300 1.75875E-01
 -170.650 -14.300 1.74069E-01
 -170.640 -14.300 1.74954E-01
 -170.630 -14.300 1.73745E-01
 -170.620 -14.300 1.72888E-01
 -170.610 -14.300 1.72672E-01
 -170.600 -14.300 1.72399E-01
 -170.590 -14.300 1.71781E-01
 -170.580 -14.300 1.70546E-01
 -170.570 -14.300 1.69723E-01
 -170.560 -14.300 1.69977E-01
 -170.890 -14.310 1.95793E-01
 -170.880 -14.310 1.93752E-01
 -170.870 -14.310 1.92430E-01
 -170.860 -14.310 1.92475E-01
 -170.850 -14.310 1.90956E-01
 -170.840 -14.310 1.90338E-01
 -170.830 -14.310 1.88936E-01
 -170.820 -14.310 1.88919E-01
 -170.810 -14.310 1.88602E-01
 -170.800 -14.310 1.88029E-01
 -170.790 -14.310 1.86917E-01
 -170.780 -14.310 1.85412E-01
 -170.770 -14.310 1.84090E-01
 -170.760 -14.310 1.83752E-01
 -170.750 -14.310 1.82392E-01
 -170.740 -14.310 1.82145E-01
 -170.730 -14.310 1.80893E-01
 -170.720 -14.310 1.80938E-01
 -170.710 -14.310 1.80460E-01
 -170.700 -14.310 1.79822E-01
 -170.690 -14.310 1.79118E-01
 -170.680 -14.310 1.77983E-01
 -170.670 -14.310 1.76596E-01
 -170.660 -14.310 1.76237E-01
 -170.650 -14.310 1.74819E-01
 -170.640 -14.310 1.75023E-01
 -170.630 -14.310 1.74028E-01
 -170.620 -14.310 1.74096E-01
 -170.610 -14.310 1.73628E-01
 -170.600 -14.310 1.73090E-01
 -170.590 -14.310 1.72634E-01
 -170.580 -14.310 1.71715E-01
 -170.570 -14.310 1.70518E-01
 -170.560 -14.310 1.70296E-01
 -170.890 -14.320 1.95985E-01
 -170.880 -14.320 1.94962E-01
 -170.870 -14.320 1.93660E-01
 -170.860 -14.320 1.93443E-01
 -170.850 -14.320 1.92412E-01
 -170.840 -14.320 1.91541E-01
 -170.830 -14.320 1.90221E-01
 -170.820 -14.320 1.89375E-01
 -170.810 -14.320 1.88924E-01
 -170.800 -14.320 1.88624E-01
 -170.790 -14.320 1.87059E-01
 -170.780 -14.320 1.86017E-01
 -170.770 -14.320 1.84911E-01
 -170.760 -14.320 1.84874E-01
 -170.750 -14.320 1.83545E-01
 -170.740 -14.320 1.82945E-01
 -170.730 -14.320 1.82035E-01
 -170.720 -14.320 1.81245E-01
 -170.710 -14.320 1.80868E-01
 -170.700 -14.320 1.79863E-01
 -170.690 -14.320 1.79186E-01
 -170.680 -14.320 1.78147E-01
 -170.670 -14.320 1.77430E-01
 -170.660 -14.320 1.77151E-01
 -170.650 -14.320 1.75911E-01
 -170.640 -14.320 1.75590E-01
 -170.630 -14.320 1.74887E-01
 -170.620 -14.320 1.74148E-01
 -170.610 -14.320 1.73820E-01
 -170.600 -14.320 1.72892E-01
 -170.590 -14.320 1.72655E-01
 -170.580 -14.320 1.71701E-01
 -170.570 -14.320 1.71152E-01
 -170.560 -14.320 1.70968E-01
 -170.890 -14.330 1.96894E-01
 -170.880 -14.330 1.95712E-01
 -170.870 -14.330 1.94842E-01
 -170.860 -14.330 1.93867E-01
 -170.850 -14.330 1.92869E-01
 -170.840 -14.330 1.91971E-01
 -170.830 -14.330 1.90949E-01
 -170.820 -14.330 1.90093E-01
 -170.810 -14.330 1.89410E-01
 -170.800 -14.330 1.88626E-01
 -170.790 -14.330 1.87993E-01
 -170.780 -14.330 1.86707E-01
 -170.770 -14.330 1.85620E-01
 -170.760 -14.330 1.84957E-01
 -170.750 -14.330 1.84014E-01
 -170.740 -14.330 1.83336E-01
 -170.730 -14.330 1.82548E-01
 -170.720 -14.330 1.81706E-01
 -170.710 -14.330 1.81148E-01
 -170.700 -14.330 1.80295E-01
 -170.690 -14.330 1.79837E-01
 -170.680 -14.330 1.78711E-01
 -170.670 -14.330 1.77685E-01
 -170.660 -14.330 1.77244E-01
 -170.650 -14.330 1.76231E-01
 -170.640 -14.330 1.75856E-01
 -170.630 -14.330 1.75150E-01
 -170.620 -14.330 1.74559E-01
 -170.610 -14.330 1.74092E-01
 -170.600 -14.330 1.73337E-01
 -170.590 -14.330 1.72891E-01
 -170.580 -14.330 1.72158E-01
 -170.570 -14.330 1.71230E-01
 -170.560 -14.330 1.70765E-01
 -170.890 -14.340 1.99490E-01
 -170.880 -14.340 1.98500E-01
 -170.870 -14.340 1.96477E-01
 -170.860 -14.340 1.95948E-01
 -170.850 -14.340 1.94505E-01
 -170.840 -14.340 1.93280E-01
 -170.830 -14.340 1.91789E-01
 -170.820 -14.340 1.91819E-01
 -170.810 -14.340 1.90891E-01
 -170.800 -14.340 1.90272E-01
 -170.790 -14.340 1.89926E-01
 -170.780 -14.340 1.88959E-01
 -170.770 -14.340 1.86689E-01
 -170.760 -14.340 1.86737E-01
 -170.750 -14.340 1.85371E-01
 -170.740 -14.340 1.84428E-01
 -170.730 -14.340 1.82934E-01
 -170.720 -14.340 1.83226E-01
 -170.710 -14.340 1.81999E-01
 -170.700 -14.340 1.81587E-01
 -170.690 -14.340 1.81261E-01
 -170.680 -14.340 1.80469E-01
 -170.670 -14.340 1.78610E-01
 -170.660 -14.340 1.78642E-01
 -170.650 -14.340 1.77487E-01
 -170.640 -14.340 1.76737E-01
 -170.630 -14.340 1.75610E-01
 -170.620 -14.340 1.75747E-01
 -170.610 -14.340 1.74881E-01
 -170.600 -14.340 1.74539E-01
 -170.590 -14.340 1.74200E-01
 -170.580 -14.340 1.73574E-01
 -170.570 -14.340 1.71942E-01
 -170.560 -14.340 1.71941E-01
 -170.890 -14.350 2.00738E-01
 -170.880 -14.350 1.99611E-01
 -170.870 -14.350 1.98448E-01
 -170.860 -14.350 1.96017E-01
 -170.850 -14.350 1.94133E-01
 -170.840 -14.350 1.93733E-01
 -170.830 -14.350 1.93536E-01
 -170.820 -14.350 1.92716E-01
 -170.810 -14.350 1.91839E-01
 -170.800 -14.350 1.89702E-01
 -170.790 -14.350 1.90407E-01
 -170.780 -14.350 1.89555E-01
 -170.770 -14.350 1.88814E-01
 -170.760 -14.350 1.86265E-01
 -170.750 -14.350 1.85117E-01
 -170.740 -14.350 1.84747E-01
 -170.730 -14.350 1.84417E-01
 -170.720 -14.350 1.83741E-01
 -170.710 -14.350 1.82906E-01
 -170.700 -14.350 1.81214E-01
 -170.690 -14.350 1.81744E-01
 -170.680 -14.350 1.80769E-01
 -170.670 -14.350 1.80345E-01
 -170.660 -14.350 1.78244E-01
 -170.650 -14.350 1.77191E-01
 -170.640 -14.350 1.76833E-01
 -170.630 -14.350 1.76535E-01
 -170.620 -14.350 1.76152E-01
 -170.610 -14.350 1.75317E-01
 -170.600 -14.350 1.73961E-01
 -170.590 -14.350 1.74271E-01
 -170.580 -14.350 1.73501E-01
 -170.570 -14.350 1.73133E-01
 -170.560 -14.350 1.71474E-01
 -170.890 -14.360 2.01573E-01
 -170.880 -14.360 2.00757E-01
 -170.870 -14.360 1.98623E-01
 -170.860 -14.360 1.97598E-01
 -170.850 -14.360 1.96807E-01
 -170.840 -14.360 1.95394E-01
 -170.830 -14.360 1.94439E-01
 -170.820 -14.360 1.94081E-01
 -170.810 -14.360 1.93360E-01
 -170.800 -14.360 1.92650E-01
 -170.790 -14.360 1.91278E-01
 -170.780 -14.360 1.90785E-01
 -170.770 -14.360 1.88807E-01
 -170.760 -14.360 1.87672E-01
 -170.750 -14.360 1.87020E-01
 -170.740 -14.360 1.86012E-01
 -170.730 -14.360 1.84873E-01
 -170.720 -14.360 1.84926E-01
 -170.710 -14.360 1.84371E-01
 -170.700 -14.360 1.83685E-01
 -170.690 -14.360 1.82255E-01
 -170.680 -14.360 1.81840E-01
 -170.670 -14.360 1.80326E-01
 -170.660 -14.360 1.79354E-01
 -170.650 -14.360 1.78790E-01
 -170.640 -14.360 1.77915E-01
 -170.630 -14.360 1.76914E-01
 -170.620 -14.360 1.77212E-01
 -170.610 -14.360 1.76669E-01
 -170.600 -14.360 1.76079E-01
 -170.590 -14.360 1.74928E-01
 -170.580 -14.360 1.74432E-01
 -170.570 -14.360 1.73230E-01
 -170.560 -14.360 1.72522E-01
 -170.890 -14.370 2.03018E-01
 -170.880 -14.370 2.01873E-01
 -170.870 -14.370 2.00163E-01
 -170.860 -14.370 1.98893E-01
 -170.850 -14.370 1.97344E-01
 -170.840 -14.370 1.96363E-01
 -170.830 -14.370 1.96200E-01
 -170.820 -14.370 1.94949E-01
 -170.810 -14.370 1.94595E-01
 -170.800 -14.370 1.93143E-01
 -170.790 -14.370 1.92456E-01
 -170.780 -14.370 1.91250E-01
 -170.770 -14.370 1.90083E-01
 -170.760 -14.370 1.88649E-01
 -170.750 -14.370 1.87562E-01
 -170.740 -14.370 1.86932E-01
 -170.730 -14.370 1.86639E-01
 -170.720 -14.370 1.85540E-01
 -170.710 -14.370 1.85048E-01
 -170.700 -14.370 1.83971E-01
 -170.690 -14.370 1.83170E-01
 -170.680 -14.370 1.82260E-01
 -170.670 -14.370 1.81258E-01
 -170.660 -14.370 1.80234E-01
 -170.650 -14.370 1.79015E-01
 -170.640 -14.370 1.78680E-01
 -170.630 -14.370 1.78167E-01
 -170.620 -14.370 1.77517E-01
 -170.610 -14.370 1.76929E-01
 -170.600 -14.370 1.76098E-01
 -170.590 -14.370 1.75329E-01
 -170.580 -14.370 1.74723E-01
 -170.570 -14.370 1.73882E-01
 -170.560 -14.370 1.73063E-01
 -170.890 -14.380 2.04409E-01
 -170.880 -14.380 2.03077E-01
 -170.870 -14.380 2.01753E-01
 -170.860 -14.380 2.01343E-01
 -170.850 -14.380 1.99100E-01
 -170.840 -14.380 1.99059E-01
 -170.830 -14.380 1.97587E-01
 -170.820 -14.380 1.96284E-01
 -170.810 -14.380 1.95980E-01
 -170.800 -14.380 1.95402E-01
 -170.790 -14.380 1.93736E-01
 -170.780 -14.380 1.92510E-01
 -170.770 -14.380 1.91201E-01
 -170.760 -14.380 1.91008E-01
 -170.750 -14.380 1.89122E-01
 -170.740 -14.380 1.89171E-01
 -170.730 -14.380 1.87812E-01
 -170.720 -14.380 1.86369E-01
 -170.710 -14.380 1.86136E-01
 -170.700 -14.380 1.85736E-01
 -170.690 -14.380 1.84331E-01
 -170.680 -14.380 1.83230E-01
 -170.670 -14.380 1.82214E-01
 -170.660 -14.380 1.82002E-01
 -170.650 -14.380 1.80269E-01
 -170.640 -14.380 1.80394E-01
 -170.630 -14.380 1.79292E-01
 -170.620 -14.380 1.78142E-01
 -170.610 -14.380 1.77918E-01
 -170.600 -14.380 1.77580E-01
 -170.590 -14.380 1.76382E-01
 -170.580 -14.380 1.75416E-01
 -170.570 -14.380 1.74718E-01
 -170.560 -14.380 1.74433E-01
 -170.890 -14.390 2.06393E-01
 -170.880 -14.390 2.04431E-01
 -170.870 -14.390 2.03107E-01
 -170.860 -14.390 2.02008E-01
 -170.850 -14.390 2.00651E-01
 -170.840 -14.390 2.00302E-01
 -170.830 -14.390 1.99433E-01
 -170.820 -14.390 1.98888E-01
 -170.810 -14.390 1.97863E-01
 -170.800 -14.390 1.96597E-01
 -170.790 -14.390 1.95721E-01
 -170.780 -14.390 1.94026E-01
 -170.770 -14.390 1.92236E-01
 -170.760 -14.390 1.91360E-01
 -170.750 -14.390 1.89970E-01
 -170.740 -14.390 1.89915E-01
 -170.730 -14.390 1.89215E-01
 -170.720 -14.390 1.88606E-01
 -170.710 -14.390 1.87875E-01
 -170.700 -14.390 1.86652E-01
 -170.690 -14.390 1.86037E-01
 -170.680 -14.390 1.84531E-01
 -170.670 -14.390 1.83030E-01
 -170.660 -14.390 1.82396E-01
 -170.650 -14.390 1.80960E-01
 -170.640 -14.390 1.81161E-01
 -170.630 -14.390 1.80311E-01
 -170.620 -14.390 1.79827E-01
 -170.610 -14.390 1.79408E-01
 -170.600 -14.390 1.78190E-01
 -170.590 -14.390 1.77476E-01
 -170.580 -14.390 1.76558E-01
 -170.570 -14.390 1.75168E-01
 -170.560 -14.390 1.74821E-01
