CEUS catalog emm_pi.c3 (March 2016)
mining-related eqks deleted
declustered
format: emw,lon(dE),lat(dN),dp(km),y,m,d,h,m,s,mwsig,nstar,comment
2.65 -104.900  39.900   0 1962 01 18 01 28  0.  0.515 2.65 2.020 SSC|TMP05904
2.78 -104.900  39.900   0 1962 06 18 00 46  0.  0.240 2.78 1.165 SRA|ml,3.10MLGOL
2.65 -104.900  39.900   0 1962 08 07 04  0  0.  0.515 2.65 2.020 SSC|TMP05943
3.68 -104.900  39.900   0 1962 10 08 20 45  0.  0.240 3.68 1.165 SRA|ml,4.00MLGOL
3.68 -104.600  39.900   0 1962 12 05 13 48  0.  0.240 3.68 1.165 NCE|mg,4.0EPR
2.88 -104.600  39.800  33 1963 01 30 23 05 09.6 0.240 2.88 1.165 SRA|ml,3.20MLGOL
2.58 -104.900  39.900   0 1963 03 15 17 00  0.  0.240 2.58 1.165 SRA|ml,2.90MLGOL
3.08 -104.800  39.900  20 1963 04 08 00 03 57.1 0.240 3.08 1.165 SRA|ml,3.40MLGOL
3.78 -104.700  39.800  20 1963 04 24 22 29 34.4 0.240 3.78 1.165 SRA|mb,4.1neic
4.28 -104.600  39.800   0 1963 07 02 08 02 56.3 0.240 4.28 1.165 NCE|mb,4.6USE
4.28 -105.100  39.900   5 1965 02 16 20 17 53.5 0.240 4.28 1.165 SRA|mb,4.6neic
2.68 -104.900  39.900   0 1965 06 14 09 25  0.  0.240 2.68 1.165 SRA|ml,3.00MLGOL
4.38 -104.800  39.800   5 1965 09 14 16 36 46.8 0.240 4.38 1.165 SRA|mb,4.7neic
4.48 -104.900  39.500   5 1965 09 14 23 16 10.4 0.240 4.48 1.165 SRA|mb,4.8neic
4.68 -104.700  39.800   5 1966 01 05 00 37 17.8 0.240 4.68 1.165 SRA|mb,5.0neic
3.78 -108.950  40.090   7 1966 07 06 05 47 08.4 0.240 3.78 1.165 SRA|mb,4.1neic
3.18 -104.700  39.900   5 1966 11 14 20 02 35.9 0.240 3.18 1.165 USH|ml,3.50MLGOL
3.98 -104.950  39.880   7 1967 02 03 05 27 58.9 0.240 3.98 1.165 SRA|mb,4.3neic
4.18 -109.050  40.110   7 1967 02 15 03 28 03.5 0.240 4.18 1.165 SRA|mb,4.5neic
4.52 -104.800  39.900   4 1967 04 10 19  0  0.  0.150 4.47 1.061 SLU|mw,4.52(mwm)
4.84 -104.700  39.900   3 1967 08 09 13 25  0.  0.150 4.79 1.061 SLU|mw,4.84(mwm)
2.98 -104.880  39.870   6 1968 07 15 18 33 13.6 0.240 2.98 1.165 SRA|ml,3.30MLGOL
2.58 -104.890  39.890   7 1968 07 27 19 04 54.3 0.240 2.58 1.165 SRA|ml,2.90MLGOL
2.88 -104.900  39.860   6 1968 11 02 14 29 02.5 0.240 2.88 1.165 SRA|ml,3.20MLGOL
2.78 -104.900  39.900   0 1969 02 23 22 50  0.  0.240 2.78 1.165 SRA|ml,3.10MLGOL
2.98 -104.900  39.900   0 1969 05 23 09 00 53.5 0.240 2.98 1.165 SRA|ml,3.30MLGOL
2.58 -104.900  39.900   0 1969 11 05 14 24  0.  0.240 2.58 1.165 SRA|ml,2.90MLGOL
4.28 -108.900  40.090   4 1970 04 21 15 05 47.5 0.240 4.28 1.165 SRA|mb,4.6neic
3.78 -105.100  39.900   0 1970 05 23 08 55 09.4 0.240 3.78 1.165 NCE|mb,4.1USE
2.68 -104.900  39.900   0 1971 03 11 14 08  0.  0.240 2.68 1.165 SRA|ml,3.00MLGOL
4.08 -104.760  39.890   5 1971 08 08 05 22 44.  0.240 4.08 1.165 NCE|mb,4.4EPR
2.98 -104.900  39.900   0 1971 12 09 05 20  0.  0.240 2.98 1.165 SRA|ml,3.30MLGOL
3.48  -98.300  29.000   0 1973 12 25 02 46  0.  0.240 3.48 1.165 NCE|mb,3.8NUT
3.15  -98.000  29.000   0 1974 04 20 23 46 10.  0.250 3.15 1.180 SRA|md,3.00MDDPC
3.46  -98.000  29.000   0 1974 06 24 18 03 10.  0.250 3.46 1.180 SRA|md,3.40MDDPC
3.15  -98.000  29.000   0 1974 08 01 13 33 10.  0.250 3.15 1.180 SRA|md,3.00MDDPC
3.08 -100.940  33.130  12 1977 06 07 23 01 25.  0.240 3.08 1.165 NCE|mg,3.4D&G
2.68 -100.950  32.890   0 1977 06 08 13 29 12.0 0.244 2.68 1.171 SSC|TMP08682
2.68 -100.880  32.960   1 1977 11 28 01 40 52.  0.240 2.68 1.165 NCE|mg,3.0D&G
2.58 -104.870  39.780  20 1978 06 10 20 57 53.5 0.240 2.58 1.165 NCE|ml,2.9NOA
4.51 -100.700  33.000   3 1978 06 16 11 46 53.  0.125 4.47 1.042 SLU|mw,4.51(mwm)
2.78 -108.900  40.180   2 1979 03 19 14 59 29.7 0.240 2.78 1.165 SRA|ml,3.10ML_GS
2.68  -98.190  28.830   0 1982 03 28 23 24 32.9 0.240 2.68 1.165 SRA|mn,3.00Mn_GS
2.98 -100.840  33.000   5 1982 11 28 02 36 48.5 0.240 2.98 1.165 NCE|mg,3.3NOA
3.46  -98.131  28.743   5 1983 07 23 15 24 38.2 0.250 3.46 1.180 SRA|ml,3.40MLTUL
2.68  -92.704  33.183   5 1983 12 09 20 52 10.5 0.240 2.68 1.165 SRA|mn,3.00MnTUL
3.48  -98.461  28.852   5 1984 03 03 01 03 26.5 0.240 3.48 1.165 SRA|mn,3.80Mn_GS
3.15  -98.362  29.133   5 1984 08 08 01 31 27.3 0.250 3.15 1.180 SRA|ml,3.00ML_GS
4.63  -81.160  41.650   6 1986 01 31 16 46 43.  0.100 4.61 1.027 SLU|mw,4.63(mwm)
3.61  -80.710  41.931   0 1987 07 13 05 49  0.  0.082 3.61 1.018 SSC|mw,3.61(mwa)(B3)
2.87  -80.710  41.931   5 1987 08 13 07 52 13.  0.240 2.87 1.165 GSC|mn,3.3MN
2.77  -92.980  33.110  17 1988 12 12 13 10 32.8 0.287 2.77 1.244 SSC|TMP16893
2.70  -92.778  33.201   5 1989 02 05 08 37 44.4 0.290 2.70 1.250 SSC|TMP17007
3.08  -98.042  28.908  10 1991 07 20 23 38 19.2 0.240 3.08 1.165 PDE|mg,3.40LgTUL
2.67  -80.812  41.920   5 1992 03 28 08 22 46.  0.240 2.67 1.165 GSC|mn,3.1MN
3.78  -98.124  28.811   5 1993 04 09 12 29 19.1 0.240 3.78 1.165 PDE|mb,4.1neic
2.68 -109.087  40.126   5 1993 05 13 16 13 26.0 0.240 2.68 1.165 PDE|ml,3.00MLGS
2.68  -98.170  28.810   5 1993 05 16 15 30 19.3 0.240 2.68 1.165 PDE|mg,3.00LgGS
2.88  -92.671  33.013   5 1994 06 10 23 34 02.9 0.240 2.88 1.165 PDE|mg,3.20LgGS
3.88 -108.925  40.179   5 1995 03 20 12 46 16.3 0.240 3.88 1.165 PDE|mb,4.2neic
3.48  -98.054  27.717   5 1997 03 24 22 31 34.5 0.240 3.48 1.165 PDE|mg,3.80LgGS
2.78  -87.400  31.000   5 1997 05 04 03 39 12.9 0.240 2.78 1.165 PDE|mg,3.10LgGS
4.68  -87.340  31.120   4 1997 10 24 08 35 17.  0.100 4.66 1.027 SLU|mw,4.68(mwm)
2.68 -108.827  38.268   5 1998 04 10 06 52 16.4 0.240 2.68 1.165 PDE|ml,3.00MLGS
2.58 -104.656  32.573   1 1999 03 01 08 00 23.5 0.240 2.58 1.165 PDE|mg,2.90LgGS
3.68 -104.630  32.591   1 1999 03 14 22 43 17.9 0.240 3.68 1.165 PDE|mg,4.00LgGS
3.58 -104.664  32.575  10 1999 05 30 19 04 25.6 0.240 3.58 1.165 PDE|mg,3.90LgGS
3.28 -108.921  38.293   4 1999 06 03 15 35 34.2 0.240 3.28 1.165 PDE|ml,3.60MLGS
3.18 -108.859  38.319   5 1999 07 06 22 05 45.1 0.240 3.18 1.165 PDE|ml,3.50MLGS
2.58 -104.591  32.568   5 1999 08 09 06 51 22.9 0.240 2.58 1.165 PDE|md,2.90MDSNM
2.58 -108.907  38.310   5 1999 09 16 00 35 03.0 0.240 2.58 1.165 PDE|ml,2.90MLGS
2.58 -108.880  38.270   3 1999 10 11 21 43 04.  0.240 2.58 1.165 PDE|ml,2.90MLSLC
2.58 -108.810  38.240   6 1999 11 04 11 00 18.  0.240 2.58 1.165 PDE|ml,2.90MLSLC
2.98 -108.867  38.367   5 2000 03 15 12 14 27.5 0.240 2.98 1.165 PDE|ml,3.30MLSLC
3.77 -108.860  38.330  13 2000 05 27 21 58 18.  0.100 3.75 1.027 SLU|mw,3.77(mwm)
3.85  -80.830  41.990   2 2001 01 26 03 03 19.  0.100 3.83 1.027 SLU|mw,3.85(mwm)
2.68  -92.660  33.190   5 2001 03 03 10 46 13.  0.240 2.68 1.165 PDE|mg,3.00LgSLM
2.97  -80.767  41.905   5 2001 06 03 22 36 46.4 0.240 2.97 1.165 PDE|mg,3.40LgOTT
4.44 -104.470  37.140   2 2001 09 05 10 52 07.  0.100 4.42 1.027 SLU|mw,4.44(mwm)
2.98 -104.797  36.859   5 2001 12 15 07 58 31.3 0.240 2.98 1.165 PDE|mg,3.30LgGS
3.08 -104.784  36.860   5 2002 01 26 01 06 03.8 0.240 3.08 1.165 PDE|mg,3.40LgGS
2.88 -108.930  38.340   1 2002 06 06 12 29 10.  0.240 2.88 1.165 PDE|ml,3.20MLSLC
3.18 -104.779  36.881   5 2002 06 18 09 12 36.6 0.240 3.18 1.165 PDE|mg,3.50LgGS
3.18 -104.630  32.581  10 2002 09 17 15 45 14.4 0.240 3.18 1.165 PDE|mg,3.50LgGS
2.88 -104.768  36.917   5 2002 11 14 04 56 52.2 0.240 2.88 1.165 PDE|mg,3.20LgGS
3.28 -104.923  36.844   5 2003 04 28 07 32 26.0 0.240 3.28 1.165 PDE|mg,3.60LgGS
3.28 -104.763  36.910   5 2003 06 15 00 22 17.9 0.240 3.28 1.165 PDE|mg,3.60LgGS
3.28 -104.505  32.665   5 2003 06 21 02 03 09.5 0.240 3.28 1.165 PDE|mg,3.60LgGS
2.98 -104.870  36.945   5 2003 08 14 00 11 08.9 0.240 2.98 1.165 PDE|mg,3.30LgGS
2.68 -104.685  37.369   5 2003 09 08 11 02 49.3 0.240 2.68 1.165 PDE|mg,3.00LgGS
4.05 -104.990  36.850   4 2003 09 13 15 22 41.  0.100 4.03 1.027 SLU|mw,4.05(mwm)
3.08  -87.517  31.151   0 2003 09 25 23 30 58.0 0.276 3.08 1.224 SSC|TMP31539
2.78 -104.828  36.958   5 2003 11 24 07 05 57.7 0.240 2.78 1.165 PDE|mg,3.10LgGS
2.58 -104.842  37.018   5 2004 01 14 01 14 15.4 0.240 2.58 1.165 PDE|mg,2.90LgGS
3.08 -104.861  36.932   5 2004 02 03 14 34 22.5 0.240 3.08 1.165 PDE|mg,3.40LgGS
4.39 -104.850  36.850   4 2004 03 22 12 09 56.  0.100 4.37 1.027 SLU|mw,4.39(mwm)
3.92 -104.560  32.530   3 2004 05 23 09 22 05.  0.100 3.90 1.027 SLU|mw,3.92(mwm)
4.28 -104.920  36.890   4 2004 08 01 06 50 46.  0.100 4.26 1.027 SLU|mw,4.28(mwm)
3.08 -104.505  32.582   5 2004 08 26 18 45 18.6 0.240 3.08 1.165 PDE|ml,3.40MLGS
2.68 -104.499  32.604   5 2004 10 28 02 59 04.8 0.240 2.68 1.165 PDE|mg,3.00LgGS
3.60 -108.950  38.240   9 2004 11 07 06 54 59.  0.100 3.58 1.027 SLU|mw,3.60(mwm)
3.08 -104.675  37.007   5 2005 01 10 10 14 59.1 0.240 3.08 1.165 PDE|mg,3.40LgGS
2.58 -104.794  36.881   5 2005 04 06 08 45 24.5 0.240 2.58 1.165 PDE|ml,2.90MLGS
3.08 -105.070  36.920   5 2005 04 24 11 02 35.9 0.240 3.08 1.165 PDE|ml,3.40MLGS
2.68 -105.097  36.860   5 2005 07 04 10 45 24.5 0.240 2.68 1.165 PDE|mg,3.00LgGS
2.68 -104.886  36.938   5 2005 07 08 06 24 01.1 0.240 2.68 1.165 PDE|mg,3.00LgGS
2.58 -108.910  38.260   1 2005 08 07 22 12 13.  0.240 2.58 1.165 PDE|ml,2.90MLSLC
4.88 -104.860  36.950   4 2005 08 10 22 08 17.  0.100 4.86 1.027 SLU|mw,4.88(mwm)
4.14 -104.570  32.520   5 2005 12 19 20 27 40.  0.100 4.12 1.027 SLU|mw,4.14(mwm)
2.98 -104.968  37.030   5 2006 01 27 18 48 49.2 0.240 2.98 1.165 PDE|ml,3.30MLGS
3.15  -96.300  35.091   5 2006 03 15 08 30 25.8 0.250 3.15 1.180 PDE|md,3.00MDTUL
3.15  -96.178  34.836   5 2006 03 15 08 30 27.1 0.250 3.15 1.180 OGS|md,OGS,3MdOGS
2.68 -104.563  32.599   5 2006 03 20 17 55 29.1 0.240 2.68 1.165 PDE|ml,3.00MLGS
2.55  -97.205  35.597   5 2006 03 31 03 20 49.4 0.250 2.55 1.180 OGS|md,OGS,2.2MdOGS
2.68  -97.314  34.069   5 2006 04 05 18 46 23.1 0.240 2.68 1.165 PDE|mg,3.00LgTUL
2.62  -97.670  34.231   5 2006 04 06 05 52 13.8 0.250 2.62 1.180 OGS|md,OGS,2.3MdOGS
2.78 -104.768  37.014   5 2006 05 06 17 07 01.3 0.240 2.78 1.165 PDE|mg,3.10LgGS
2.78 -104.832  36.795   5 2006 05 26 06 14 25.1 0.240 2.78 1.165 PDE|ml,3.10MLGS
2.88 -104.929  36.964   5 2006 07 11 11 53 37.7 0.240 2.88 1.165 PDE|mg,3.20LgGS
3.08  -97.368  34.589   5 2006 08 09 09 41 50.9 0.250 3.08 1.180 PDE|md,2.90MDTUL
2.78 -105.013  37.014   5 2006 08 24 14 04 25.8 0.240 2.78 1.165 PDE|mg,3.10LgGS
3.28 -104.794  37.298   5 2006 09 09 23 14 35.5 0.240 3.28 1.165 PDE|mg,3.60LgGS
2.68 -104.867  37.010   5 2006 09 14 13 03 24.2 0.240 2.68 1.165 PDE|mg,3.00LgGS
3.18  -97.625  34.122   5 2006 10 06 22 13 16.7 0.240 3.18 1.165 PDE|mg,3.50LgGS
3.18 -104.963  36.811   5 2006 10 30 02 35 13.4 0.240 3.18 1.165 PDE|ml,3.50MLGS
3.08  -97.627  34.153   5 2006 11 02 11 12 20.3 0.250 3.08 1.180 PDE|md,2.90MDTUL
2.78 -104.996  37.040   5 2006 11 24 23 22 24.1 0.240 2.78 1.165 PDE|mg,3.10LgGS
2.93  -97.407  35.464   5 2006 12 21 06 14 06.7 0.250 2.93 1.180 PDE|md,2.70MDTUL
4.19 -104.900  37.060   3 2007 01 03 14 34 38.  0.100 4.17 1.027 SLU|mw,4.19(mwm)
2.55  -97.643  34.033   5 2007 01 09 08 25 02.7 0.250 2.55 1.180 OGS|md,OGS,2.2MdOGS
2.77  -98.328  34.864   5 2007 01 15 11 16 34.2 0.250 2.77 1.180 OGS|md,OGS,2.5MdOGS
2.55  -96.493  34.037   5 2007 02 23 20 03 19.1 0.250 2.55 1.180 OGS|md,OGS,2.2MdOGS
3.08 -104.937  37.061   5 2007 03 12 06 32 14.5 0.240 3.08 1.165 PDE|ml,3.40MLGS
2.62  -96.147  34.245   5 2007 03 14 15 54 23.5 0.250 2.62 1.180 OGS|md,OGS,2.3MdOGS
2.70  -97.288  34.043   5 2007 03 30 20 20 25.3 0.250 2.70 1.180 OGS|md,OGS,2.4MdOGS
2.68  -92.587  33.300   5 2007 05 16 13 22 21.4 0.240 2.68 1.165 PDE|mg,3.00LgGS
3.31  -95.976  35.149   5 2007 05 27 21 03 22.1 0.250 3.31 1.180 PDE|md,3.20MDTUL
3.35 -104.790  36.930   4 2007 06 09 10 45 44.  0.100 3.33 1.027 SLU|mw,3.35(mwm)
2.70  -97.134  34.997   5 2007 07 11 05 37 04.0 0.250 2.70 1.180 OGS|md,OGS,2.4MdOGS
2.62  -97.576  34.962   5 2007 09 01 19 18 27.8 0.250 2.62 1.180 OGS|md,OGS,2.3MdOGS
2.55  -96.076  34.666   5 2007 09 02 07 59 48.8 0.250 2.55 1.180 OGS|md,OGS,2.2MdOGS
2.55  -96.219  34.524   5 2007 09 08 16 35 06.0 0.250 2.55 1.180 OGS|md,OGS,2.2MdOGS
2.55  -96.130  34.552   5 2007 10 25 04 01 15.2 0.250 2.55 1.180 OGS|md,OGS,2.2MdOGS
2.62  -95.947  34.699   5 2007 10 26 21 18 19.3 0.250 2.62 1.180 OGS|md,OGS,2.3MdOGS
2.62  -96.061  34.735   5 2007 11 13 16 58 54.2 0.250 2.62 1.180 OGS|md,OGS,2.3MdOGS
2.62  -96.027  34.941   5 2007 11 22 18 37 19.5 0.250 2.62 1.180 OGS|md,OGS,2.3MdOGS
2.85  -96.048  34.852   5 2007 12 16 15 02 29.6 0.250 2.85 1.180 PDE|md,2.60MDTUL
2.58 -105.058  36.954   5 2007 12 17 04 30 29.1 0.240 2.58 1.165 PDE|ml,2.90MLGS
2.93  -97.326  37.027   5 2008 01 01 08 44 16.9 0.250 2.93 1.180 PDE|md,2.70MDTUL
2.70  -96.061  34.882   5 2008 01 02 01 17 20.7 0.250 2.70 1.180 OGS|md,OGS,2.4MdOGS
2.77  -96.050  34.497   5 2008 01 04 08 13 00.8 0.250 2.77 1.180 PDE|md,2.50MDTUL
2.62  -96.444  33.978   5 2008 01 17 08 38 58.6 0.250 2.62 1.180 OGS|md,OGS,2.3MdOGS
2.62  -96.258  34.206   5 2008 01 26 04 53 06.7 0.250 2.62 1.180 COM|md,2.3md,us
2.78 -104.988  36.871   5 2008 01 29 02 30 24.3 0.240 2.78 1.165 PDE|ml,3.10MLGS
2.98 -100.842  32.898   5 2008 01 29 10 24 53.2 0.240 2.98 1.165 PDE|mg,3.30LgGS
2.55  -97.508  34.705   5 2008 02 05 13 05 06.8 0.250 2.55 1.180 OGS|md,OGS,2.2MdOGS
2.70  -96.295  34.166   5 2008 02 15 15 41 05.6 0.250 2.70 1.180 COM|md,2.4md,us
2.62  -97.413  36.014   5 2008 02 27 04 02 20.0 0.250 2.62 1.180 OGS|md,OGS,2.3MdOGS
3.86  -98.090  28.920   4 2008 04 07 09 51 13.  0.100 3.84 1.027 SLU|mw,3.86(mwm)
2.88 -104.942  37.158   5 2008 04 21 09 36 29.9 0.240 2.88 1.165 PDE|ml,3.20MLGS
2.85  -96.021  34.992   5 2008 05 06 14 50 34.9 0.250 2.85 1.180 OGS|md,OGS,2.6MdOGS
2.77  -97.569  35.457   5 2008 06 05 06 12 22.1 0.250 2.77 1.180 PDE|md,2.50MDTUL
3.23  -97.020  35.882   5 2008 06 09 22 59 46.4 0.250 3.23 1.180 OGS|md,OGS,3.1MdOGS
3.23  -96.767  35.346   5 2008 06 09 22 59 47.1 0.250 3.23 1.180 PDE|md,3.10MDTUL
3.08 -104.866  37.095   5 2008 08 24 22 48 31.5 0.240 3.08 1.165 PDE|ml,3.40MLGS
3.08 -104.748  37.263   5 2008 10 04 12 41 20.9 0.240 3.08 1.165 PDE|ml,3.40MLGS
2.93  -97.181  35.033   5 2008 10 21 19 05 39.  0.250 2.93 1.180 OGS|md,OGS,2.7MdOGS
2.78  -97.118  35.443   5 2008 10 30 16 25 00.6 0.240 2.78 1.165 PDE|mg,3.10LgGS
2.68  -97.029  32.836   5 2008 10 31 05 01 54.9 0.240 2.68 1.165 PDE|mg,3.00LgGS
2.93  -92.573  35.567   0 2009 01 07 20 32 55.  0.250 2.93 1.180 PDE|md,2.70MDCERI
3.08  -97.871  35.163   5 2009 01 28 11 19 09.4 0.240 3.08 1.165 PDE|mg,3.40LgGS
2.78  -96.340  34.589   5 2009 02 03 10 23 10.0 0.240 2.78 1.165 PDE|mg,3.10LgGS
2.68 -104.884  36.992   5 2009 02 03 23 27 10.3 0.240 2.68 1.165 PDE|mg,3.00LgGS
2.88  -98.087  36.369   5 2009 02 22 09 43 06.7 0.240 2.88 1.165 PDE|mg,3.20LgGS
2.98  -96.036  34.735   5 2009 02 25 04 14 15.3 0.240 2.98 1.165 PDE|mg,3.30LgGS
3.08  -97.456  35.446   5 2009 03 08 13 06 39.9 0.240 3.08 1.165 PDE|mg,3.40LgGS
2.68 -104.462  37.261   5 2009 03 22 11 14 40.1 0.240 2.68 1.165 PDE|ml,3.00MLGS
3.13 -104.780  36.850   8 2009 05 01 01 33 58.  0.100 3.11 1.027 SLU|mw,3.13(mwm)
2.98  -97.016  32.795   8 2009 05 16 16 24 06.5 0.240 2.98 1.165 PDE|mg,3.30LgGS
3.08  -96.850  35.659   5 2009 06 14 21 31 09.0 0.240 3.08 1.165 PDE|mg,3.40LgGS
3.38  -97.467  36.361   5 2009 06 26 21 23 13.7 0.240 3.38 1.165 PDE|mg,3.70LgGS
2.68 -104.906  36.888   5 2009 06 27 06 44 39.9 0.240 2.68 1.165 PDE|ml,3.00MLGS
3.08  -97.169  35.547   5 2009 07 01 17 14 48.2 0.240 3.08 1.165 PDE|mg,3.40LgTUL
2.77  -92.312  35.535   0 2009 07 08 01 14 25.  0.250 2.77 1.180 PDE|md,2.50MDCERI
2.98  -96.944  35.742   5 2009 07 22 02 25 59.8 0.240 2.98 1.165 PDE|mg,3.30LgGS
4.04 -104.800  36.820   4 2009 07 29 10 00 36.  0.100 4.02 1.027 SLU|mw,4.04(mwm)
3.08  -96.618  34.942   5 2009 08 27 08 22 14.5 0.240 3.08 1.165 PDE|mg,3.40LgTUL
3.18  -97.290  35.565   5 2009 08 28 02 09 06.  0.240 3.18 1.165 PDE|mg,3.50LgGS
3.53 -104.960  37.050   3 2009 09 29 22 54 05.  0.100 3.51 1.027 SLU|mw,3.53(mwm)
3.00  -92.261  35.462   2 2009 10 15 04 05 15.  0.250 3.00 1.180 PDE|md,2.80MDCERI
3.00  -92.420  35.233   2 2009 10 15 06 55 35.  0.250 3.00 1.180 PDE|md,2.80MDCERI
2.85  -91.931  35.262   0 2009 10 22 22 42 05.7 0.250 2.85 1.180 PDE|md,2.60MDCERI
2.68  -97.029  35.804   5 2009 10 23 03 56 29.7 0.240 2.68 1.165 PDE|mg,3.00LgGS
2.78  -97.204  35.494   5 2009 11 14 11 13 01.3 0.240 2.78 1.165 PDE|mg,3.10LgGS
2.78  -97.532  34.462   5 2009 11 17 04 00 17.7 0.240 2.78 1.165 PDE|mg,3.10LgGS
2.68 -104.645  32.429   5 2009 11 17 18 53 06.8 0.240 2.68 1.165 PDE|mg,3.00LgGS
2.58 -108.870  38.360   5 2009 11 17 19 44 38.  0.240 2.58 1.165 PDE|ml,2.90MLSLC
3.38 -104.987  36.892   5 2009 11 20 14 54 30.1 0.240 3.38 1.165 PDE|ml,3.70MLGS
2.68  -97.275  35.563   5 2009 11 29 01 36 58.6 0.240 2.68 1.165 PDE|mg,3.00LgGS
2.58  -97.004  32.411   5 2009 12 05 05 30 11.8 0.240 2.58 1.165 PDE|mg,2.90LgGS
2.88 -105.030  36.927   5 2009 12 11 20 32 27.1 0.240 2.88 1.165 PDE|mg,3.20LgGS
3.28  -97.285  35.587   5 2009 12 13 08 38 25.8 0.240 3.28 1.165 PDE|mg,3.60LgGS
3.81  -97.260  35.590   8 2010 01 15 15 18 26.  0.100 3.79 1.027 SLU|mw,3.81(mwm)
3.84 -104.870  36.850   5 2010 01 18 08 41 07.  0.100 3.82 1.027 SLU|mw,3.84(mwm)
2.78 -100.833  32.902   5 2010 01 27 04 59 33.0 0.240 2.78 1.165 PDE|mg,3.10LgGS
2.77  -92.431  35.271   4 2010 02 18 02 44 33.  0.250 2.77 1.180 PDE|md,2.50MDCERI
4.15  -96.750  35.540   4 2010 02 27 22 22 27.  0.100 4.13 1.027 SLU|mw,4.15(mwm)
2.68  -98.039  28.946   5 2010 03 08 23 47 28.1 0.240 2.68 1.165 PDE|mg,3.00LgGS
3.15  -98.046  35.378   5 2010 03 11 08 11 01.9 0.250 3.15 1.180 PDE|md,3.00MDTUL
2.93  -97.222  35.658   4 2010 03 12 07 56 36.0 0.250 2.93 1.180 PDE|md,2.70MDTUL
2.85  -97.452  36.091   8 2010 03 22 06 50 29.  0.250 2.85 1.180 PDE|md,2.60MDTUL
4.11 -104.530  32.520   4 2010 03 28 00 03 55.  0.100 4.09 1.027 SLU|mw,4.11(mwm)
3.18 -104.842  36.916   5 2010 04 08 09 36 57.3 0.240 3.18 1.165 PDE|ml,3.50MLGS
3.08  -97.284  35.523   0 2010 04 08 12 42 43.  0.240 3.08 1.165 PDE|mg,3.40LgGS
2.88  -96.268  34.631   0 2010 04 15 13 22 36.  0.240 2.88 1.165 PDE|mg,3.20LgGS
2.77  -97.373  34.309   5 2010 04 15 21 45 26.  0.250 2.77 1.180 PDE|md,2.50MDTUL
2.77  -97.302  35.524   5 2010 04 22 09 11 42.  0.250 2.77 1.180 PDE|md,2.50MDTUL
3.48  -97.845  27.708   5 2010 04 25 02 10 42.7 0.240 3.48 1.165 PDE|mb,3.8neic
3.08  -97.299  35.528   5 2010 05 07 12 44 57.  0.240 3.08 1.165 PDE|mg,3.40LgGS
2.93  -96.772  35.523   4 2010 05 10 14 47 41.5 0.250 2.93 1.180 OGS|ml,OGS,2.7MLOGS
2.70  -97.295  35.528   6 2010 05 27 07 23 18.  0.250 2.70 1.180 PDE|md,2.40MDTUL
2.55  -97.452  35.748   3 2010 05 27 12 20 22.3 0.250 2.55 1.180 OGS|md,OGS,2.2MdOGS
3.28 -104.906  37.012   5 2010 05 27 19 43 11.0 0.240 3.28 1.165 PDE|ml,3.60MLGS
3.68 -104.607  32.523   5 2010 05 31 21 58 19.1 0.240 3.68 1.165 PDE|ml,4.00MLGS
2.77  -92.338  35.395   2 2010 06 04 03 09 07.  0.250 2.77 1.180 PDE|md,2.50MDCERI
2.93  -97.198  35.632   5 2010 06 12 04 29 53.  0.250 2.93 1.180 PDE|md,2.70MDTUL
3.23  -97.676  34.865   5 2010 06 14 21 33 56.5 0.250 3.23 1.180 PDE|md,3.10MDTUL
2.93  -97.417  35.015   5 2010 06 19 02 14 32.  0.250 2.93 1.180 PDE|md,2.70MDTUL
2.77  -96.547  34.752   5 2010 06 21 23 33 40.  0.250 2.77 1.180 PDE|md,2.50MDTUL
2.93  -97.291  35.531   4 2010 06 22 23 27 37.5 0.250 2.93 1.180 PDE|md,2.70MDTUL
2.55  -98.100  35.381   4 2010 06 23 14 08 56.4 0.250 2.55 1.180 OGS|ml,OGS,2.2MLOGS
2.98  -91.859  35.216   0 2010 06 26 23 47 39.  0.240 2.98 1.165 PDE|mg,3.30LgGS
2.93  -97.476  34.266   3 2010 06 30 23 34 51.  0.250 2.93 1.180 PDE|md,2.70MDTUL
2.55  -96.780  35.520   2 2010 07 04 06 37 14.5 0.250 2.55 1.180 OGS|md,OGS,2.2MdOGS
2.77  -96.375  34.638   5 2010 07 14 02 57 12.  0.250 2.77 1.180 PDE|md,2.50MDTUL
2.85  -96.114  34.677   5 2010 07 16 12 35 20.  0.250 2.85 1.180 PDE|md,2.60MDTUL
2.62  -98.445  35.791   0 2010 07 22 02 46 26.6 0.250 2.62 1.180 OGS|md,OGS,2.3MdOGS
2.58  -97.245  35.562   3 2010 07 26 04 59 21.  0.240 2.58 1.165 PDE|mg,2.90LgTUL
3.08  -97.241  35.559   3 2010 08 02 09 52 19.  0.240 3.08 1.165 PDE|mg,3.40LgTUL
2.58  -96.096  34.679   5 2010 08 07 14 24 03.  0.240 2.58 1.165 PDE|mg,2.90LgTUL
3.37 -100.790  32.990   4 2010 08 08 01 12 38.  0.100 3.35 1.027 SLU|mw,3.37(mwm)
3.00  -97.456  34.918   5 2010 08 08 08 41 59.  0.250 3.00 1.180 PDE|md,2.80MDTUL
2.85  -96.763  35.526   5 2010 08 24 18 26 57.  0.250 2.85 1.180 PDE|md,2.60MDTUL
2.55  -97.038  35.461   1 2010 09 02 04 41 48.6 0.250 2.55 1.180 OGS|md,OGS,2.2MdOGS
2.98  -97.240  35.611   3 2010 09 04 16 22 09.  0.240 2.98 1.165 PDE|mg,3.30LgTUL
2.70  -97.031  35.474   4 2010 09 11 17 05 12.  0.250 2.70 1.180 PDE|md,2.40MDTUL
2.70  -97.429  34.696   0 2010 09 18 16 11 58.7 0.250 2.70 1.180 OGS|md,OGS,2.4MdOGS
3.47  -97.210  35.590   3 2010 09 19 22 01 47.  0.100 3.45 1.027 SLU|mw,3.47(mwm)
2.98  -96.715  34.109   5 2010 09 25 12 19 26.  0.240 2.98 1.165 PDE|mg,3.30LgTUL
2.78  -96.029  34.861   5 2010 10 01 22 39 14.  0.240 2.78 1.165 PDE|mg,3.10LgTUL
2.78 -100.886  32.929   5 2010 10 09 07 42 27.6 0.240 2.78 1.165 PDE|mg,3.10LgGS
3.99  -92.310  35.310   5 2010 10 11 13 33 40.  0.100 3.97 1.027 SLU|mw,3.99(mwm)
4.33  -97.310  35.200  14 2010 10 13 14 06 29.  0.100 4.31 1.027 SLU|mw,4.33(mwm)
2.55  -97.388  36.024   4 2010 10 19 00 02 36.2 0.250 2.55 1.180 OGS|md,OGS,2.2MdOGS
2.88  -97.741  34.874   5 2010 10 25 20 53 13.  0.240 2.88 1.165 PDE|mg,3.20LgTUL
2.78 -100.850  32.922   5 2010 10 26 06 56 29.7 0.240 2.78 1.165 PDE|mg,3.10LgGS
2.93  -97.238  35.590   1 2010 10 29 04 18 39.  0.250 2.93 1.180 PDE|md,2.70MDTUL
2.55  -96.283  34.721   0 2010 11 10 06 29 22.6 0.250 2.55 1.180 OGS|md,OGS,2.2MdOGS
2.93  -97.396  34.719   5 2010 11 16 00 46 07.  0.250 2.93 1.180 PDE|md,2.70MDTUL
2.62  -97.243  35.586   4 2010 11 17 05 27 25.8 0.250 2.62 1.180 OGS|md,OGS,2.3MdOGS
2.55  -97.165  35.961   9 2010 11 17 07 35 01.1 0.250 2.55 1.180 OGS|md,OGS,2.2MdOGS
2.77  -96.267  34.552   5 2010 11 21 20 31 16.  0.250 2.77 1.180 PDE|md,2.50MDTUL
3.93  -97.250  35.630   3 2010 11 24 22 48 30.  0.100 3.91 1.027 SLU|mw,3.93(mwm)
2.77  -97.400  34.688   5 2010 11 30 12 05 31.  0.250 2.77 1.180 PDE|md,2.50MDTUL
3.20  -97.000  35.390   4 2010 12 12 01 07 56.  0.100 3.18 1.027 SLU|mw,3.20(mwm)
2.85  -95.957  34.659   5 2010 12 12 14 56 39.  0.250 2.85 1.180 PDE|md,2.60MDTUL
3.30  -96.820  35.820   2 2010 12 19 05 05 28.  0.100 3.28 1.027 SLU|mw,3.30(mwm)
2.68  -98.039  28.642   5 2010 12 21 13 53 18.0 0.240 2.68 1.165 PDE|mg,3.00LgGS
3.15  -96.361  34.690   5 2010 12 24 10 49 07.  0.250 3.15 1.180 PDE|md,3.00MDTUL
3.23  -95.893  34.696   5 2010 12 28 01 49 24.  0.250 3.23 1.180 PDE|md,3.10MDTUL
2.85  -97.440  34.676   5 2010 12 29 04 47 20.  0.250 2.85 1.180 PDE|md,2.60MDTUL
2.77  -96.983  35.435   5 2011 01 07 05 11 09.  0.250 2.77 1.180 PDE|md,2.50MDTUL
2.93  -96.671  34.785   5 2011 01 10 05 35 50.  0.250 2.93 1.180 PDE|md,2.70MDTUL
2.85  -96.916  35.840   5 2011 01 11 22 41 03.  0.250 2.85 1.180 PDE|md,2.60MDTUL
3.08  -97.222  35.509   3 2011 01 15 10 51 30.  0.240 3.08 1.165 PDE|mg,3.40LgGS
2.93  -92.353  35.283   5 2011 01 16 18 50 17.  0.250 2.93 1.180 PDE|md,2.70MDCERI
2.62  -96.813  34.372   0 2011 01 17 19 00 03.1 0.250 2.62 1.180 OGS|md,OGS,2.3MdOGS
3.00  -97.430  34.566   0 2011 01 18 03 40 06.  0.250 3.00 1.180 PDE|md,2.80MDTUL
2.70  -96.174  34.816   4 2011 01 28 14 09 55.9 0.250 2.70 1.180 OGS|ml,OGS,2.4MLOGS
2.55  -96.779  35.526   4 2011 02 01 06 16 44.2 0.250 2.55 1.180 OGS|md,OGS,2.2MdOGS
2.85  -97.166  35.627   5 2011 02 02 12 19 03.7 0.250 2.85 1.180 PDE|md,2.60MDTUL
2.85  -97.402  35.480   5 2011 02 04 02 06 29.  0.250 2.85 1.180 PDE|md,2.60MDTUL
2.55  -97.427  34.679   0 2011 02 06 04 25 33.3 0.250 2.55 1.180 OGS|ml,OGS,2.2MLOGS
3.28 -104.935  37.005   5 2011 02 13 11 44 52.6 0.240 3.28 1.165 PDE|ml,3.60MLGS
2.77  -97.243  35.615   3 2011 02 17 05 51 42.  0.250 2.77 1.180 PDE|md,2.50MDTUL
3.00  -97.001  35.434   5 2011 02 22 06 40 51.  0.250 3.00 1.180 PDE|md,2.80MDTUL
2.62  -96.544  35.409   4 2011 02 23 08 08 40.6 0.250 2.62 1.180 OGS|md,OGS,2.3MdOGS
2.55  -98.330  36.806   3 2011 02 27 15 24 22.4 0.250 2.55 1.180 OGS|md,OGS,2.2MdOGS
4.65  -92.340  35.270   4 2011 02 28 05 00 50.  0.100 4.63 1.027 SLU|mw,4.65(mwm)
2.78 -100.839  32.876   5 2011 03 01 03 30 12.7 0.240 2.78 1.165 PDE|mg,3.10LgGS
2.55  -96.807  35.827   4 2011 03 01 20 50 46.7 0.250 2.55 1.180 OGS|ml,OGS,2.2MLOGS
2.55  -96.023  34.501   3 2011 03 02 18 45 54.0 0.250 2.55 1.180 OGS|md,OGS,2.2MdOGS
2.88 -104.981  36.861   5 2011 03 12 04 16 05.6 0.240 2.88 1.165 PDE|ml,3.20MLGS
3.81 -100.810  32.950   2 2011 03 13 20 16 21.  0.100 3.79 1.027 SLU|mw,3.81(mwm)
2.93  -97.746  34.854   5 2011 03 17 01 27 24.  0.250 2.93 1.180 PDE|md,2.70MDTUL
2.55  -96.056  34.652   4 2011 03 18 09 19 33.1 0.250 2.55 1.180 OGS|md,OGS,2.2MdOGS
3.00  -97.073  35.571   3 2011 03 23 00 41 16.  0.250 3.00 1.180 PDE|md,2.80MDTUL
2.55  -97.751  34.878   4 2011 03 29 02 53 44.9 0.250 2.55 1.180 OGS|md,OGS,2.2MdOGS
3.21  -96.530  35.430   4 2011 03 31 05 41 30.  0.100 3.19 1.027 SLU|mw,3.21(mwm)
2.77  -95.840  35.215   0 2011 04 03 05 19 35.9 0.250 2.77 1.180 OGS|md,OGS,2.5MdOGS
2.70  -96.120  34.855   3 2011 04 08 09 12 46.6 0.250 2.70 1.180 OGS|md,OGS,2.4MdOGS
2.70  -95.609  34.682   3 2011 04 11 22 36 48.4 0.250 2.70 1.180 OGS|ml,OGS,2.4MLOGS
2.55  -97.146  35.720   3 2011 04 14 09 31 15.0 0.250 2.55 1.180 OGS|md,OGS,2.2MdOGS
2.62  -97.011  35.483   3 2011 04 19 03 08 11.4 0.250 2.62 1.180 OGS|md,OGS,2.3MdOGS
2.62  -96.807  35.826   4 2011 04 22 03 16 45.7 0.250 2.62 1.180 OGS|md,OGS,2.3MdOGS
2.70  -96.095  34.506   3 2011 04 22 18 24 59.3 0.250 2.70 1.180 OGS|md,OGS,2.4MdOGS
2.77  -97.691  34.888   3 2011 04 24 12 19 56.7 0.250 2.77 1.180 OGS|md,OGS,2.5MdOGS
2.62  -97.425  34.694   3 2011 04 26 00 20 04.9 0.250 2.62 1.180 OGS|md,OGS,2.3MdOGS
2.62  -96.548  35.422   5 2011 04 26 23 04 00.6 0.250 2.62 1.180 OGS|ml,OGS,2.3MLOGS
2.88 -100.790  33.064   5 2011 05 02 19 07 14.9 0.240 2.88 1.165 PDE|mg,3.20LgGS
2.55  -95.944  34.943   3 2011 05 10 21 59 22.8 0.250 2.55 1.180 OGS|ml,OGS,2.2MLOGS
2.77  -97.432  35.713   1 2011 05 11 09 22 39.  0.250 2.77 1.180 PDE|md,2.50MDTUL
3.80 -104.690  37.060   3 2011 05 11 19 06 15.  0.100 3.78 1.027 SLU|mw,3.80(mwm)
3.08  -96.569  35.437   5 2011 05 15 05 55 43.  0.250 3.08 1.180 PDE|md,2.90MDTUL
2.55  -97.391  34.186   3 2011 05 17 23 53 40.3 0.250 2.55 1.180 OGS|md,OGS,2.2MdOGS
3.00  -97.196  35.586   3 2011 05 19 02 46 46.  0.250 3.00 1.180 PDE|md,2.80MDTUL
3.08  -96.496  34.517   3 2011 05 28 07 32 51.  0.250 3.08 1.180 PDE|md,2.90MDTUL
2.77  -96.242  34.784   3 2011 05 30 15 26 11.9 0.250 2.77 1.180 OGS|md,OGS,2.5MdOGS
2.77  -97.276  35.564   4 2011 06 03 13 33 37.2 0.250 2.77 1.180 OGS|ml,OGS,2.5MLOGS
3.00  -98.398  35.832   3 2011 06 07 22 59 56.8 0.250 3.00 1.180 OGS|ml,OGS,2.8MLOGS
2.55  -96.594  35.356   4 2011 06 08 16 55 52.5 0.250 2.55 1.180 OGS|md,OGS,2.2MdOGS
2.85  -97.420  35.747   5 2011 06 09 13 15 02.6 0.250 2.85 1.180 OGS|ml,OGS,2.6MLOGS
2.85  -96.370  34.663   3 2011 06 16 22 24 28.0 0.250 2.85 1.180 OGS|ml,OGS,2.6MLOGS
2.85  -96.548  35.381   3 2011 06 21 09 54 39.4 0.250 2.85 1.180 OGS|md,OGS,2.6MdOGS
2.77  -92.375  35.233   4 2011 06 21 12 07 23.5 0.250 2.77 1.180 PDE|md,2.50MDCERI
2.55  -97.452  34.902   3 2011 06 23 02 06 01.7 0.250 2.55 1.180 OGS|md,OGS,2.2MdOGS
2.55  -97.279  34.485   0 2011 06 28 19 57 46.9 0.250 2.55 1.180 OGS|md,OGS,2.2MdOGS
2.85  -97.121  35.632   5 2011 07 01 09 29 03.  0.250 2.85 1.180 PDE|md,2.60MDTUL
2.62  -98.712  35.603   3 2011 07 05 22 15 03.5 0.250 2.62 1.180 OGS|md,OGS,2.3MdOGS
2.85  -96.547  35.436   3 2011 07 10 01 29 12.4 0.250 2.85 1.180 OGS|md,OGS,2.6MdOGS
2.85  -96.110  34.745   1 2011 07 15 02 16 43.  0.250 2.85 1.180 COM|md,2.6md,us
2.68  -97.084  32.424   5 2011 07 17 06 58 00.0 0.240 2.68 1.165 PDE|mg,3.00LgGS
2.85  -96.395  34.679   5 2011 07 22 04 24 39.  0.250 2.85 1.180 PDE|md,2.60MDTUL
2.55  -96.917  35.840   4 2011 07 31 13 41 51.8 0.250 2.55 1.180 OGS|md,OGS,2.2MdOGS
2.55  -96.769  35.529   5 2011 07 31 16 24 14.8 0.250 2.55 1.180 OGS|md,OGS,2.2MdOGS
3.15  -97.226  35.522   5 2011 08 01 01 20 07.  0.250 3.15 1.180 PDE|ml,3.00MLTUL
2.85  -96.224  34.783   3 2011 08 04 09 49 03.6 0.250 2.85 1.180 OGS|md,OGS,2.6MdOGS
3.15  -97.744  34.881   5 2011 08 18 16 50 52.  0.250 3.15 1.180 PDE|ml,3.00MLTUL
2.55  -96.373  34.634   0 2011 08 19 08 27 04.7 0.250 2.55 1.180 OGS|md,OGS,2.2MdOGS
2.77  -97.004  35.425   3 2011 08 21 06 10 02.5 0.250 2.77 1.180 OGS|md,OGS,2.5MdOGS
5.24 -104.700  37.070   3 2011 08 23 05 46 19.  0.100 5.22 1.027 SLU|mw,5.24(mwm)
2.62  -97.426  34.998   3 2011 08 31 15 24 33.5 0.250 2.62 1.180 OGS|md,OGS,2.3MdOGS
2.77  -96.388  34.664   3 2011 09 03 09 24 11.4 0.250 2.77 1.180 OGS|md,OGS,2.5MdOGS
2.85  -97.244  34.575   0 2011 09 06 08 59 30.  0.250 2.85 1.180 PDE|ml,2.60MLTUL
4.41 -100.900  32.820   5 2011 09 11 12 27 45.  0.100 4.39 1.027 SLU|mw,4.41(mwm)
3.38  -97.244  35.629   3 2011 09 12 15 35 28.  0.250 3.38 1.180 PDE|ml,3.30MLTUL
2.93  -96.564  35.391   3 2011 09 15 04 38 27.6 0.250 2.93 1.180 OGS|md,OGS,2.7MdOGS
2.65  -80.685  41.135   5 2011 09 30 00 52 38.7 0.270 2.65 1.213 PDE|ml,2.50MLPAL
3.29  -92.270  35.370   7 2011 10 05 09 38 30.  0.100 3.27 1.027 SLU|mw,3.29(mwm)
3.15  -97.232  35.504   3 2011 10 05 10 40 27.  0.250 3.15 1.180 PDE|ml,3.00MLTUL
3.00  -96.561  35.363   6 2011 10 13 21 50 55.7 0.250 3.00 1.180 OGS|ml,OGS,2.8MLOGS
2.77  -97.380  35.844   3 2011 10 15 21 12 01.1 0.250 2.77 1.180 OGS|md,OGS,2.5MdOGS
2.62  -96.371  34.620   3 2011 10 19 06 01 57.5 0.250 2.62 1.180 OGS|md,OGS,2.3MdOGS
4.59  -98.150  28.810   3 2011 10 20 12 24 41.  0.100 4.57 1.027 SLU|mw,4.59(mwm)
2.93  -95.731  35.076   3 2011 10 21 09 48 00.9 0.250 2.93 1.180 OGS|md,OGS,2.7MdOGS
3.15  -96.530  35.395   3 2011 10 29 11 28 11.5 0.250 3.15 1.180 OGS|md,OGS,3MdOGS
2.85  -96.365  34.643   3 2011 10 29 13 37 41.7 0.250 2.85 1.180 OGS|md,OGS,2.6MdOGS
2.62  -97.387  35.846   3 2011 11 03 14 20 33.7 0.250 2.62 1.180 OGS|md,OGS,2.3MdOGS
3.00  -98.411  35.837   3 2011 11 05 02 19 48.4 0.250 3.00 1.180 OGS|md,OGS,2.8MdOGS
5.59  -96.750  35.540   8 2011 11 06 03 53 10.  0.100 5.57 1.027 SLU|mw,5.59(mwm)
3.15  -97.390  35.513   3 2011 11 09 15 21 02.  0.250 3.15 1.180 PDE|md,3.00MDTUL
2.85  -96.242  34.766   3 2011 11 14 12 36 47.8 0.250 2.85 1.180 OGS|md,OGS,2.6MdOGS
2.58  -92.265  35.373   5 2011 11 21 16 53 53.  0.240 2.58 1.165 PDE|mg,2.90LgCERI
2.93  -96.000  34.923   0 2011 11 29 15 03 14.  0.250 2.93 1.180 PDE|ml,2.70MLTUL
2.62  -96.247  34.827   0 2011 12 05 15 52 44.8 0.250 2.62 1.180 OGS|ml,OGS,2.3MLOGS
3.18 -100.865  32.935   5 2011 12 09 18 47 33.2 0.240 3.18 1.165 PDE|mg,3.50LgGS
2.77  -92.285  35.367   5 2011 12 20 16 55 31.2 0.250 2.77 1.180 PDE|md,2.50MDCERI
3.69  -80.680  41.120   3 2011 12 31 20 05 01.  0.100 3.67 1.027 SLU|mw,3.69(mwm)
2.70  -97.293  35.595   5 2012 01 03 00 21 13.  0.250 2.70 1.180 PDE|ml,2.40MLTUL
2.55  -96.234  34.791   2 2012 01 08 23 35 33.3 0.250 2.55 1.180 OGS|ml,OGS,2.2MLOGS
2.55  -92.310  35.307   5 2012 01 14 03 08 44.2 0.250 2.55 1.180 COM|md,2.2md,nm
2.98  -97.487  32.372   5 2012 01 18 22 30 54.9 0.240 2.98 1.165 PDE|mg,3.30LgGS
2.62  -92.269  35.484   0 2012 01 19 07 38 06.3 0.250 2.62 1.180 COM|md,2.3md,nm
2.55  -92.729  35.306   2 2012 01 23 07 24 38.5 0.250 2.55 1.180 COM|md,2.2md,nm
2.68  -98.202  28.845   5 2012 02 04 12 48 08.5 0.240 2.68 1.165 PDE|mg,3.00LgGS
3.00  -97.286  35.578   3 2012 02 08 19 04 32.  0.250 3.00 1.180 PDE|ml,2.80MLTUL
2.62  -91.691  35.391   0 2012 03 14 08 54 40.3 0.250 2.62 1.180 COM|md,2.3md,nm
2.55  -92.066  35.305   0 2012 03 31 23 45 35.9 0.250 2.55 1.180 COM|md,2.2md,nm
3.78  -95.875  34.635   5 2012 04 03 07 34  0.  0.240 3.78 1.165 PDE|mb,4.1neic
2.77  -97.440  34.589   5 2012 04 03 21 19 59.  0.250 2.77 1.180 PDE|ml,2.50MLTUL
3.15  -96.001  34.944   5 2012 04 14 07 35 58.  0.250 3.15 1.180 PDE|ml,3.00MLTUL
2.55  -92.091  35.359   2 2012 04 15 04 45 01.1 0.250 2.55 1.180 COM|md,2.2md,nm
2.85  -96.245  34.818   5 2012 04 16 14 30 58.  0.250 2.85 1.180 PDE|ml,2.60MLTUL
2.77  -97.385  35.475   5 2012 05 03 06 52 59.7 0.250 2.77 1.180 OGS|ml,OGS,2.5MLOGS
2.70  -92.213  35.469   2 2012 05 06 00 23 24.4 0.250 2.70 1.180 COM|md,2.4md,nm
3.00  -97.638  34.983   5 2012 05 11 07 52 08.  0.250 3.00 1.180 PDE|ml,2.80MLTUL
2.62  -97.333  34.834  10 2012 05 13 13 00 15.7 0.250 2.62 1.180 OGS|ml,OGS,2.3MLOGS
3.08  -97.303  35.539   3 2012 05 13 19 10 14.  0.250 3.08 1.180 PDE|ml,2.90MLTUL
4.83  -94.330  31.900   4 2012 05 17 08 12 01.  0.100 4.81 1.027 SLU|mw,4.83(mwm)
2.88 -104.743  37.123   5 2012 05 24 05 44 37.6 0.240 2.88 1.165 PDE|ml,3.20MLGS
2.93  -97.519  35.020   5 2012 05 26 22 20 11.8 0.250 2.93 1.180 OGS|ml,OGS,2.7MLOGS
2.77  -95.608  34.861   5 2012 05 27 12 32 34.  0.250 2.77 1.180 PDE|ml,2.50MLTUL
2.55  -96.844  34.370   5 2012 06 01 19 23 44.1 0.250 2.55 1.180 OGS|ml,OGS,2.2MLOGS
2.55  -92.158  35.301   3 2012 06 09 17 15 54.5 0.250 2.55 1.180 COM|md,2.2md,nm
2.62  -97.628  34.017   5 2012 06 09 22 12 36.9 0.250 2.62 1.180 OGS|ml,OGS,2.3MLOGS
2.62  -97.376  34.969   5 2012 06 11 19 00 00.2 0.250 2.62 1.180 OGS|ml,OGS,2.3MLOGS
3.23  -97.434  35.407   1 2012 06 14 20 24 28.  0.250 3.23 1.180 PDE|ml,3.10MLTUL
3.18  -97.289  32.474   5 2012 06 24 17 46 44.4 0.240 3.18 1.165 PDE|mg,3.50LgGS
2.62  -92.399  35.424   0 2012 06 30 08 19 40.8 0.250 2.62 1.180 COM|md,2.3md,nm
3.31  -97.331  35.585   5 2012 07 03 16 11 37.  0.250 3.31 1.180 PDE|ml,3.20MLTUL
2.62  -92.401  35.430   0 2012 07 10 01 23 40.7 0.250 2.62 1.180 COM|md,2.3md,nm
2.55  -92.626  35.301   4 2012 07 10 08 36 17.5 0.250 2.55 1.180 COM|md,2.2md,nm
3.00  -95.707  34.647   5 2012 07 12 13 03 14.4 0.250 3.00 1.180 OGS|ml,OGS,2.8MLOGS
2.62  -97.661  35.366  10 2012 07 16 22 16 50.7 0.250 2.62 1.180 OGS|ml,OGS,2.3MLOGS
2.85  -97.355  34.917   5 2012 07 20 17 03 02.1 0.250 2.85 1.180 OGS|ml,OGS,2.6MLOGS
2.70  -97.316  35.999   5 2012 07 24 08 53 55.9 0.250 2.70 1.180 OGS|ml,OGS,2.4MLOGS
2.77  -96.876  34.069   5 2012 07 25 06 22 13.8 0.250 2.77 1.180 OGS|ml,OGS,2.5MLOGS
2.55  -97.541  36.351   5 2012 07 28 13 27 00.0 0.250 2.55 1.180 OGS|ml,OGS,2.2MLOGS
2.85  -97.349  35.981   5 2012 08 09 07 58 08.7 0.250 2.85 1.180 OGS|ml,OGS,2.6MLOGS
2.70  -97.860  35.284  13 2012 08 12 10 13 56.8 0.250 2.70 1.180 OGS|ml,OGS,2.4MLOGS
2.70  -97.302  35.656   5 2012 08 12 16 33 38.3 0.250 2.70 1.180 OGS|ml,OGS,2.4MLOGS
2.62  -92.313  35.491   3 2012 08 13 01 51 06.5 0.250 2.62 1.180 COM|md,2.3md,nm
2.98  -92.380  35.240   4 2012 08 19 08 24 23.  0.240 2.98 1.165 PDE|mg,3.30LgGS
2.77  -95.918  34.694   5 2012 08 19 20 24 38.3 0.250 2.77 1.180 OGS|ml,OGS,2.5MLOGS
2.85  -97.314  35.422   5 2012 08 24 18 52 29.  0.250 2.85 1.180 PDE|ml,2.60MLTUL
2.62  -92.168  35.352   0 2012 08 28 09 41 00.5 0.250 2.62 1.180 PDE|md,2.30MDCERI
2.70  -97.519  35.749   5 2012 09 02 15 05 52.  0.250 2.70 1.180 COM|ml,2.4ml,us
2.55  -97.339  35.993   5 2012 09 06 17 51 37.8 0.250 2.55 1.180 OGS|ml,OGS,2.2MLOGS
2.62  -97.335  35.727   5 2012 09 12 16 31 57.7 0.250 2.62 1.180 OGS|ml,OGS,2.3MLOGS
2.68 -104.916  37.057   5 2012 09 16 23 15 30.6 0.240 2.68 1.165 COM|ml,3ml,us
2.93  -97.376  35.520   5 2012 09 20 19 49 41.2 0.250 2.93 1.180 OGS|ml,OGS,2.7MLOGS
3.08  -96.976  32.842   5 2012 09 30 04 05 00.9 0.240 3.08 1.165 PDE|mg,3.40LgGS
3.15  -96.779  35.523   5 2012 09 30 19 17 17.  0.250 3.15 1.180 PDE|ml,3.00MLTUL
2.85  -96.334  34.748   5 2012 10 01 20 29 28.5 0.250 2.85 1.180 OGS|ml,OGS,2.6MLOGS
3.38  -97.386  36.083   8 2012 10 09 08 49 07.  0.250 3.38 1.180 PDE|ml,3.30MLTUL
2.93  -96.761  35.543   5 2012 10 18 20 00 14.9 0.250 2.93 1.180 OGS|ml,OGS,2.7MLOGS
3.46  -97.215  35.653   5 2012 10 21 10 44 15.  0.250 3.46 1.180 PDE|ml,3.40MLTUL
2.70  -92.230  35.522   0 2012 10 27 00 09 13.4 0.250 2.70 1.180 COM|md,2.4md,nm
3.38  -96.537  35.422   3 2012 10 28 04 00 34.  0.250 3.38 1.180 PDE|ml,3.30MLTUL
2.77  -96.878  35.932   5 2012 11 01 00 40 38.  0.250 2.77 1.180 PDE|ml,2.50MLTUL
2.58 -104.940  37.057   5 2012 11 05 15 13 55.5 0.240 2.58 1.165 PDE|ml,2.90MLGS
2.62  -96.852  36.131   5 2012 11 13 20 53 17.2 0.250 2.62 1.180 OGS|ml,OGS,2.3MLOGS
3.15  -97.381  36.661   5 2012 11 17 04 48 58.  0.250 3.15 1.180 PDE|ml,3.00MLTUL
2.70  -97.120  35.810   5 2012 11 19 02 08 31.6 0.250 2.70 1.180 OGS|ml,OGS,2.4MLOGS
2.93  -97.463  35.707   5 2012 11 20 18 53 09.  0.250 2.93 1.180 PDE|ml,2.70MLTUL
2.55  -96.755  35.567   5 2012 11 29 21 06 37.6 0.250 2.55 1.180 OGS|ml,OGS,2.2MLOGS
2.77  -97.341  35.499   5 2012 12 03 16 26 57.  0.250 2.77 1.180 PDE|ml,2.50MLTUL
3.49 -104.920  37.030   1 2012 12 04 15 15 26.  0.100 3.47 1.027 SLU|mw,3.49(mwm)
3.23  -96.759  35.532   5 2012 12 12 03 30 15.  0.250 3.23 1.180 PDE|ml,3.10MLTUL
3.00  -97.114  35.678   6 2012 12 12 08 21 50.2 0.250 3.00 1.180 OGS|ml,OGS,2.8MLOGS
3.15  -96.496  35.370   5 2012 12 12 18 37  0.  0.250 3.15 1.180 PDE|ml,3.00MLTUL
2.70  -97.003  35.428   7 2012 12 16 23 59 16.3 0.250 2.70 1.180 OGS|ml,OGS,2.4MLOGS
2.70  -97.790  34.882   5 2012 12 20 05 57 06.5 0.250 2.70 1.180 OGS|ml,OGS,2.4MLOGS
2.77  -97.118  35.671   6 2012 12 25 20 27 49.  0.250 2.77 1.180 OGS|ml,OGS,2.5MLOGS
2.55  -92.313  35.449   1 2012 12 27 21 43 16.3 0.250 2.55 1.180 COM|md,2.2md,nm
2.55  -97.638  35.012   5 2012 12 31 21 25 21.7 0.250 2.55 1.180 OGS|ml,OGS,2.2MLOGS
2.85  -97.524  34.175   5 2013 01 01 11 38 13.5 0.250 2.85 1.180 COM|ml,2.6ml,us
3.52  -96.530  35.440   7 2013 01 04 01 59 19.  0.100 3.50 1.027 SLU|mw,3.52(mwm)
3.31  -97.356  35.592   5 2013 01 16 20 51 43.  0.250 3.31 1.180 COM|ml,3.2ml,us
2.68  -97.004  32.894   5 2013 01 23 04 16 18.8 0.240 2.68 1.165 COM|mg,3mblg,us
3.95 -108.990  38.320   5 2013 01 24 04 46 39.  0.100 3.93 1.027 SLU|mw,3.95(mwm)
3.78  -94.300  31.844   5 2013 01 25 07 01 19.8 0.240 3.78 1.165 COM|mg,4.1mblg,us
2.93  -97.427  34.904   5 2013 02 02 03 44 33.9 0.250 2.93 1.180 COM|ml,2.7ml,us
2.58 -104.863  37.071   5 2013 02 09 09 58 02.6 0.240 2.58 1.165 COM|ml,2.9ml,us
2.77  -96.539  35.462   5 2013 02 12 14 56 53.8 0.250 2.77 1.180 COM|ml,2.5ml,us
3.08  -97.234  35.508   5 2013 02 13 07 29 43.3 0.250 3.08 1.180 OGS|ml,OGS,2.9MLOGS
2.93  -97.398  36.662   5 2013 02 14 00 23 12.3 0.250 2.93 1.180 OGS|ml,OGS,2.7MLOGS
2.55  -97.417  35.771   5 2013 02 17 01 43 23.2 0.250 2.55 1.180 OGS|ml,OGS,2.2MLOGS
2.77  -96.687  34.660   5 2013 02 23 00 08 14.8 0.250 2.77 1.180 OGS|ml,OGS,2.5MLOGS
3.18  -97.335  35.460   5 2013 02 27 19 51 12.7 0.240 3.18 1.165 COM|mg,3.5mblg,us
2.55  -96.376  34.272   5 2013 03 03 23 20 48.6 0.250 2.55 1.180 OGS|ml,OGS,2.2MLOGS
3.00  -96.116  34.831   5 2013 03 03 23 22 53.6 0.250 3.00 1.180 OGS|ml,OGS,2.8MLOGS
3.18  -96.681  34.191   5 2013 03 04 10 22 54.1 0.240 3.18 1.165 COM|mg,3.5mblg,us
2.85  -97.074  35.654   5 2013 03 06 12 17 48.6 0.250 2.85 1.180 OGS|ml,OGS,2.6MLOGS
2.62  -97.752  34.804   5 2013 03 14 06 53 52.6 0.250 2.62 1.180 OGS|ml,OGS,2.3MLOGS
3.15  -96.783  35.521   5 2013 03 16 19 39 12.  0.250 3.15 1.180 COM|ml,3ml,us
3.38  -97.381  35.492  11 2013 03 21 15 56 41.6 0.250 3.38 1.180 COM|ml,3.3ml,us
2.58  -96.504  35.322   5 2013 03 23 05 03 06.8 0.240 2.58 1.165 COM|mg,2.9mblg,us
2.85  -97.176  35.735   5 2013 03 31 06 23 47.7 0.250 2.85 1.180 OGS|ml,OGS,2.6MLOGS
2.62  -96.521  35.453   5 2013 03 31 12 56 14.6 0.250 2.62 1.180 OGS|ml,OGS,2.3MLOGS
3.00  -92.564  35.550   0 2013 04 03 11 16 04.7 0.250 3.00 1.180 COM|md,2.8Md,nm
3.00  -95.958  34.924   5 2013 04 04 00 32 36.7 0.250 3.00 1.180 COM|ml,2.8ml,us
2.62  -96.973  36.170   5 2013 04 10 18 23 24.4 0.250 2.62 1.180 OGS|ml,OGS,2.3MLOGS
2.77  -97.459  35.694   4 2013 04 12 17 18 18.1 0.250 2.77 1.180 COM|ml,2.5ml,us
2.55  -96.247  34.823  10 2013 04 16 00 23 18.2 0.250 2.55 1.180 OGS|ml,OGS,2.2MLOGS
4.4   -97.089  35.686   6 2013 04 16 06 56 29.7 0.100 4.38 1.027 COM|mw,4.4mwr,us
2.68 -104.875  36.973   5 2013 04 20 06 47 15.9 0.240 2.68 1.165 COM|ml,3ml,us
2.55  -96.512  35.345   4 2013 04 23 01 36 18.0 0.250 2.55 1.180 OGS|ml,OGS,2.2MLOGS
3.54  -96.808  34.135   5 2013 04 28 03 06 42.2 0.250 3.54 1.180 COM|ml,3.5ml,us
2.68 -100.846  32.971   6 2013 05 06 23 11 59.2 0.240 2.68 1.165 COM|mg,3mblg,us
2.62  -96.512  35.347   5 2013 05 11 18 38 42.7 0.250 2.62 1.180 OGS|ml,OGS,2.3MLOGS
2.62  -98.526  36.670   3 2013 05 12 00 20 02.7 0.250 2.62 1.180 OGS|ml,OGS,2.3MLOGS
2.70  -92.435  35.518   0 2013 05 15 09 47 14.1 0.250 2.70 1.180 COM|md,2.4Md,nm
2.93  -97.664  36.651   7 2013 05 19 13 33 06.2 0.250 2.93 1.180 COM|ml,2.7ml,us
3.43  -92.720  35.300   2 2013 05 24 05 44 24.  0.100 3.41 1.027 SLU|mw,3.43(mwm)
3.31  -96.590  34.075   7 2013 05 27 07 58 20.4 0.250 3.31 1.180 COM|ml,3.2ml,us
2.77  -96.549  35.475   2 2013 05 29 12 53 19.4 0.250 2.77 1.180 OGS|ml,OGS,2.5MLOGS
3.08  -94.332  31.860   5 2013 05 31 10 01 17.0 0.250 3.08 1.180 COM|ml,2.9ml,us
2.55  -97.673  36.669   5 2013 06 02 20 14 54.7 0.250 2.55 1.180 OGS|ml,OGS,2.2MLOGS
3.00  -96.860  35.972   3 2013 06 05 20 51 56.5 0.250 3.00 1.180 COM|ml,2.8ml,us
3.15  -96.308  35.010  17 2013 06 07 06 52 28.5 0.250 3.15 1.180 COM|ml,3ml,us
2.77  -92.406  35.415   0 2013 06 12 11 54 05.8 0.250 2.77 1.180 COM|md,2.5Md,nm
2.62  -97.692  36.840   5 2013 06 14 06 31 22.4 0.250 2.62 1.180 OGS|ml,OGS,2.3MLOGS
3.15  -96.471  35.408   4 2013 06 16 11 49 50.9 0.250 3.15 1.180 COM|ml,3ml,us
2.70  -97.905  36.976   5 2013 06 17 23 19 27.8 0.250 2.70 1.180 OGS|ml,OGS,2.4MLOGS
3.00  -97.700  34.981   5 2013 06 18 12 46 18.3 0.250 3.00 1.180 OGS|ml,OGS,2.8MLOGS
2.85  -96.676  35.796   4 2013 06 19 08 53 39.2 0.250 2.85 1.180 COM|ml,2.6ml,us
3.31  -96.283  34.470   5 2013 06 24 23 07 49.4 0.250 3.31 1.180 COM|ml,3.2ml,us
3.15  -96.907  35.960   5 2013 06 26 21 00 50.5 0.250 3.15 1.180 COM|ml,3ml,us
3.00  -97.899  35.130  14 2013 06 27 08 31 17.  0.250 3.00 1.180 COM|ml,2.8ml,us
3.00  -97.970  36.645   5 2013 06 27 14 49 15.  0.250 3.00 1.180 COM|ml,2.8ml,us
3.15  -96.548  34.097   5 2013 06 30 02 55 58.  0.250 3.15 1.180 COM|ml,3ml,us
3.54  -97.683  36.636   4 2013 07 01 09 11 38.  0.250 3.54 1.180 COM|ml,3.5ml,us
2.93  -96.562  35.443   4 2013 07 02 16 08 34.9 0.250 2.93 1.180 OGS|ml,OGS,2.7MLOGS
2.85  -98.553  36.427   5 2013 07 02 20 35 25.  0.250 2.85 1.180 COM|ml,2.6ml,us
3.00  -92.216  35.461   0 2013 07 03 02 12 49.7 0.250 3.00 1.180 COM|md,2.8Md,nm
2.62  -98.506  36.729   5 2013 07 06 01 30 06.7 0.250 2.62 1.180 OGS|ml,OGS,2.3MLOGS
3.00  -97.985  36.652   5 2013 07 14 14 30 01.5 0.250 3.00 1.180 COM|ml,2.8ml,us
2.55  -92.232  35.482   4 2013 07 21 11 59 28.2 0.250 2.55 1.180 COM|md,2.2Md,nm
2.77  -97.042  35.049  17 2013 07 21 22 28 45.9 0.250 2.77 1.180 OGS|ml,OGS,2.5MLOGS
3.54  -96.481  35.373   9 2013 07 24 11 52 05.  0.250 3.54 1.180 COM|ml,3.5ml,us
3.38  -97.387  36.660   5 2013 07 27 20 23 39.4 0.250 3.38 1.180 COM|ml,3.3ml,us
2.77  -97.893  35.115  13 2013 07 28 01 04 48.  0.250 2.77 1.180 COM|ml,2.5ml,us
2.70  -98.518  36.783   5 2013 07 30 18 04 01.9 0.250 2.70 1.180 OGS|ml,OGS,2.4MLOGS
2.62  -96.763  35.533   5 2013 08 06 06 22 50.7 0.250 2.62 1.180 OGS|ml,OGS,2.3MLOGS
2.85  -97.964  36.633   3 2013 08 08 19 17 53.0 0.250 2.85 1.180 OGS|ml,OGS,2.6MLOGS
3.31  -97.994  36.863   5 2013 08 08 22 46 29.3 0.250 3.31 1.180 COM|ml,3.2ml,us
3.38  -97.289  35.569   6 2013 08 10 08 44 27.2 0.250 3.38 1.180 COM|ml,3.3ml,us
3.00  -97.688  36.639   4 2013 08 11 18 09 29.6 0.250 3.00 1.180 OGS|ml,OGS,2.8MLOGS
2.93  -98.210  36.678   3 2013 08 17 13 55 18.3 0.250 2.93 1.180 OGS|ml,OGS,2.7MLOGS
2.55  -97.463  34.718   5 2013 08 22 06 39 55.3 0.250 2.55 1.180 OGS|ml,OGS,2.2MLOGS
2.62  -92.394  35.489   0 2013 08 22 20 35 18.8 0.250 2.62 1.180 COM|md,2.3Md,nm
2.62  -97.651  34.445  12 2013 08 23 08 11 37.3 0.250 2.62 1.180 OGS|ml,OGS,2.3MLOGS
2.55  -96.539  35.458   5 2013 08 28 21 55 53.9 0.250 2.55 1.180 OGS|ml,OGS,2.2MLOGS
2.85  -97.198  35.700   5 2013 09 01 12 39 32.1 0.250 2.85 1.180 COM|ml,2.6ml,us
4.3   -94.428  31.910   5 2013 09 02 23 51 15.4 0.100 4.28 1.027 COM|mw,4.3mwr,us
2.62  -97.018  35.438   4 2013 09 04 07 14 32.9 0.250 2.62 1.180 OGS|ml,OGS,2.3MLOGS
2.55  -96.876  36.131   5 2013 09 05 08 57 33.0 0.250 2.55 1.180 COM|ml,2.2ml,us
2.77  -97.672  36.914   5 2013 09 08 07 35 13.5 0.250 2.77 1.180 OGS|ml,OGS,2.5MLOGS
3.56 -104.880  36.980   9 2013 09 08 08 15 31.  0.100 3.54 1.027 SLU|mw,3.56(mwm)
3.08  -96.883  34.109   5 2013 09 08 18 31 15.  0.250 3.08 1.180 COM|ml,2.9ml,us
2.77  -92.402  35.410   2 2013 09 09 03 32 34.8 0.250 2.77 1.180 COM|md,2.5Md,nm
2.77  -97.772  36.554   7 2013 09 09 16 58 37.3 0.250 2.77 1.180 OGS|ml,OGS,2.5MLOGS
2.58  -97.934  37.053   5 2013 09 14 18 52 53.8 0.240 2.58 1.165 COM|mg,2.9mb_lg,us
3.23  -96.543  35.409   5 2013 09 15 05 58 13.9 0.250 3.23 1.180 COM|ml,3.1ml,us
3.08  -98.048  36.743  10 2013 09 18 13 21 03.6 0.250 3.08 1.180 OGS|ml,OGS,2.9MLOGS
2.70  -96.763  35.532   8 2013 09 19 12 38 06.9 0.250 2.70 1.180 OGS|ml,OGS,2.4MLOGS
3.00  -96.902  36.292   6 2013 09 22 04 36 40.8 0.250 3.00 1.180 COM|ml,2.8ml,us
2.93  -97.109  35.523   5 2013 09 22 08 05 09.2 0.250 2.93 1.180 OGS|ml,OGS,2.7MLOGS
3.46  -97.161  33.946   5 2013 09 23 13 56 25.5 0.250 3.46 1.180 COM|ml,3.4ml,us
2.77  -92.408  35.403   4 2013 09 25 06 32 38.8 0.250 2.77 1.180 COM|ml,2.5ml,nm
2.55  -97.357  36.070   5 2013 09 25 17 55 19.5 0.250 2.55 1.180 OGS|ml,OGS,2.2MLOGS
3.31  -97.375  35.590   6 2013 09 26 05 17 12.1 0.250 3.31 1.180 COM|ml,3.2ml,us
3.54  -97.831  36.594   4 2013 10 02 00 38 52.2 0.250 3.54 1.180 COM|ml,3.5ml,us
2.55  -96.999  35.456   5 2013 10 03 12 38 54.7 0.250 2.55 1.180 OGS|ml,OGS,2.2MLOGS
2.85  -96.466  35.397   5 2013 10 08 03 24 01.  0.250 2.85 1.180 COM|ml,2.6ml,us
3.08  -96.829  36.182   2 2013 10 09 01 34 58.  0.250 3.08 1.180 COM|ml,2.9ml,us
3.15  -96.579  34.086   5 2013 10 12 03 25 23.5 0.250 3.15 1.180 COM|ml,3ml,us
2.62  -97.102  35.947   5 2013 10 14 19 31 05.1 0.250 2.62 1.180 OGS|ml,OGS,2.3MLOGS
2.70  -98.334  36.642   7 2013 10 15 04 32 56.8 0.250 2.70 1.180 OGS|ml,OGS,2.4MLOGS
2.70  -97.677  36.930   9 2013 10 15 08 34 51.5 0.250 2.70 1.180 OGS|ml,OGS,2.4MLOGS
2.55  -97.473  36.092   5 2013 10 15 23 07 06.6 0.250 2.55 1.180 OGS|ml,OGS,2.2MLOGS
3.08  -97.131  35.668   5 2013 10 18 13 59 09.9 0.250 3.08 1.180 COM|ml,2.9ml,us
3.00  -97.376  35.605   3 2013 10 20 18 06 15.4 0.250 3.00 1.180 COM|ml,2.8ml,us
2.62  -97.076  36.030   5 2013 10 23 05 41 14.6 0.250 2.62 1.180 OGS|ml,OGS,2.3MLOGS
2.85  -96.662  35.400   5 2013 10 26 18 15 53.6 0.250 2.85 1.180 OGS|ml,OGS,2.6MLOGS
2.70  -92.121  35.482   0 2013 10 29 04 32 06.6 0.250 2.70 1.180 COM|md,2.4Md,nm
2.62  -97.080  36.098   4 2013 10 31 15 00 20.0 0.250 2.62 1.180 OGS|ml,OGS,2.3MLOGS
2.55  -97.005  35.445   5 2013 11 01 18 58 59.5 0.250 2.55 1.180 OGS|ml,OGS,2.2MLOGS
2.70  -98.511  36.712   4 2013 11 02 20 03 46.1 0.250 2.70 1.180 OGS|ml,OGS,2.4MLOGS
2.77  -97.324  35.973   5 2013 11 04 08 59 38.2 0.250 2.77 1.180 OGS|ml,OGS,2.5MLOGS
3.65  -97.350  35.590   4 2013 11 05 04 01 35.  0.100 3.63 1.027 SLU|mw,3.65(mwm)
2.85  -96.730  36.174   5 2013 11 07 07 30 02.2 0.250 2.85 1.180 OGS|ml,OGS,2.6MLOGS
2.68  -97.666  32.920   5 2013 11 09 19 54 31.8 0.240 2.68 1.165 COM|mg,3mb_lg,us
3.08  -97.838  36.588   6 2013 11 12 04 00 58.5 0.240 3.08 1.165 COM|mg,3.4mb_lg,us
3.31  -96.656  35.388   2 2013 11 12 23 04 00.7 0.250 3.31 1.180 COM|ml,3.2ml,us
2.62  -96.840  34.386   0 2013 11 13 16 54 19.1 0.250 2.62 1.180 OGS|ml,OGS,2.3MLOGS
2.70  -97.821  35.109   5 2013 11 14 02 45 50.6 0.250 2.70 1.180 COM|ml,2.4ml,us
2.93  -97.419  36.136   5 2013 11 15 00 00 14.9 0.250 2.93 1.180 OGS|ml,OGS,2.7MLOGS
2.62  -97.211  34.498   0 2013 11 15 19 02 18.9 0.250 2.62 1.180 OGS|ml,OGS,2.3MLOGS
2.70  -98.204  36.707   4 2013 11 19 07 57 29.3 0.250 2.70 1.180 OGS|ml,OGS,2.4MLOGS
3.28  -97.551  32.912   5 2013 11 20 00 40 34.9 0.240 3.28 1.165 COM|mg,3.6mb_lg,us
2.62  -92.444  35.513   0 2013 11 21 11 51 44.5 0.250 2.62 1.180 COM|md,2.3md,nm
3.61  -96.954  36.179   3 2013 11 22 14 33 58.5 0.250 3.61 1.180 COM|ml,3.6ml,us
2.93  -97.681  36.851   5 2013 11 24 00 48 23.0 0.250 2.93 1.180 OGS|ml,OGS,2.7MLOGS
2.77  -97.609  34.430   5 2013 11 26 16 00 54.2 0.250 2.77 1.180 COM|ml,2.5ml,us
3.15  -97.845  36.585   5 2013 11 27 07 36 25.6 0.250 3.15 1.180 COM|ml,3ml,us
3.38  -98.089  32.973   5 2013 11 28 07 58 35.6 0.240 3.38 1.165 COM|mb,3.7mb,us
2.55  -97.401  36.991  12 2013 12 01 06 15 44.3 0.250 2.55 1.180 OGS|ml,OGS,2.2MLOGS
3.00  -96.448  35.396   5 2013 12 03 16 17 53.6 0.250 3.00 1.180 COM|ml,2.8ml,us
3.23  -97.989  36.875   5 2013 12 06 00 37 13.8 0.250 3.23 1.180 COM|ml,3.1ml,us
4.48  -97.340  35.630   8 2013 12 07 18 10 24.  0.100 4.46 1.027 SLU|mw,4.48(mwm)
3.28  -97.582  32.914   5 2013 12 08 06 10 04.0 0.240 3.28 1.165 COM|mg,3.6mb_lg,us
3.00  -98.286  36.740   4 2013 12 13 01 35 13.9 0.250 3.00 1.180 COM|ml,2.8ml,us
2.55  -97.327  36.145   5 2013 12 14 14 50 08.8 0.250 2.55 1.180 OGS|ml,OGS,2.2MLOGS
2.55  -97.628  34.949  19 2013 12 15 15 50 54.1 0.250 2.55 1.180 OGS|ml,OGS,2.2MLOGS
3.70  -97.780  37.120   3 2013 12 16 15 09 53.  0.100 3.68 1.027 SLU|mw,3.70(mwm)
2.70  -98.582  36.718   5 2013 12 16 20 08 38.8 0.250 2.70 1.180 OGS|ml,OGS,2.4MLOGS
3.46  -96.648  35.400   3 2013 12 17 13 23 39.6 0.250 3.46 1.180 COM|ml,3.4ml,us
2.62  -92.653  35.335   7 2013 12 21 03 15 25.8 0.250 2.62 1.180 COM|md,2.3md,nm
3.31  -97.047  36.469   5 2013 12 22 16 28 29.1 0.250 3.31 1.180 COM|ml,3.2ml,us
2.62  -97.736  36.863   5 2013 12 23 09 26 31.4 0.250 2.62 1.180 OGS|ml,OGS,2.3MLOGS
3.00  -97.373  34.953   5 2013 12 25 20 55 49.  0.250 3.00 1.180 COM|ml,2.8ml,us
3.08  -98.501  36.190   5 2013 12 27 03 31 08.3 0.250 3.08 1.180 COM|ml,2.9ml,us
3.38  -97.322  36.140   5 2013 12 28 14 26 52.3 0.250 3.38 1.180 COM|ml,3.3ml,us
2.85  -97.842  36.570   4 2013 12 31 19 25 31.9 0.250 2.85 1.180 COM|ml,2.6ml,us
2.55  -92.260  35.574   0 2013 12 31 21 37 16.7 0.250 2.55 1.180 COM|md,2.2md,nm
3.31  -96.895  36.127   4 2014 01 02 17 20 26.8 0.250 3.31 1.180 COM|ml,3.2ml,us
3.18  -98.358  36.840   3 2014 01 04 20 35 30.1 0.240 3.18 1.165 COM|mg,3.5mb_lg,us
2.62  -98.065  36.426   5 2014 01 07 09 50 11.6 0.250 2.62 1.180 OGS|ml,OGS,2.3MLOGS
3.76  -96.773  35.542   3 2014 01 09 03 26 53.0 0.250 3.76 1.180 COM|ml,3.8ml,us
3.15  -96.934  35.818   3 2014 01 09 23 07 37.1 0.250 3.15 1.180 COM|ml,3ml,us
3.00  -96.479  35.403   5 2014 01 09 23 19 41.3 0.250 3.00 1.180 OGS|ml,OGS,2.8MLOGS
2.78  -97.553  32.939   5 2014 01 13 17 40 21.5 0.240 2.78 1.165 COM|mg,3.1mb_lg,us
2.70  -97.693  36.653   5 2014 01 17 04 09 22.4 0.250 2.70 1.180 OGS|ml,OGS,2.4MLOGS
2.93  -98.700  36.786   5 2014 01 19 09 03 47.1 0.250 2.93 1.180 COM|ml,2.7ml,us
3.28 -104.642  37.228   4 2014 01 22 18 45 03.9 0.240 3.28 1.165 COM|ml,3.6ml,us
3.23  -96.179  35.110   3 2014 01 26 06 38 18.2 0.250 3.23 1.180 COM|ml,3.1ml,us
2.70  -97.992  36.895   5 2014 01 27 12 46 58.3 0.250 2.70 1.180 OGS|ml,OGS,2.4MLOGS
2.58 -100.854  32.880   4 2014 01 28 01 17 38.9 0.240 2.58 1.165 COM|mg,2.9mb_lg,us
3.08  -98.070  35.578  17 2014 01 28 09 52 29.8 0.250 3.08 1.180 COM|ml,2.9ml,us
2.55  -96.729  36.212   5 2014 01 29 10 40 57.0 0.250 2.55 1.180 OGS|ml,OGS,2.2MLOGS
2.85  -95.881  34.699   5 2014 01 31 10 29 33.3 0.250 2.85 1.180 OGS|ml,OGS,2.6MLOGS
2.77  -98.527  36.651   5 2014 01 31 17 11 29.2 0.250 2.77 1.180 OGS|ml,OGS,2.5MLOGS
2.62  -97.313  35.177   6 2014 02 01 00 21 29.3 0.250 2.62 1.180 OGS|ml,OGS,2.3MLOGS
2.85  -97.343  36.398   5 2014 02 02 16 37 32.9 0.250 2.85 1.180 COM|ml,2.6ml,us
3.57  -97.770  37.130   3 2014 02 03 09 03 21.  0.100 3.55 1.027 SLU|mw,3.57(mwm)
3.15  -97.310  36.129   5 2014 02 04 15 59 51.2 0.250 3.15 1.180 COM|ml,3ml,us
3.54  -97.750  36.836  11 2014 02 05 23 15 40.  0.250 3.54 1.180 COM|ml,3.5ml,us
3.38  -98.295  36.746   4 2014 02 06 12 48 08.6 0.250 3.38 1.180 COM|ml,3.3ml,us
3.63  -96.920  35.830   4 2014 02 10 23 37 38.  0.100 3.61 1.027 SLU|mw,3.63(mwm)
2.93  -97.055  36.367   5 2014 02 14 05 55 56.1 0.250 2.93 1.180 COM|ml,2.7ml,us
2.55  -92.479  35.588   0 2014 02 15 04 00 59.  0.250 2.55 1.180 COM|md,2.2md,nm
2.77  -97.956  36.568   5 2014 02 20 08 25 29.2 0.250 2.77 1.180 OGS|ml,OGS,2.5MLOGS
3.46  -97.062  36.544   8 2014 02 27 10 14 01.  0.250 3.46 1.180 COM|ml,3.4ml,us
3.08  -98.691  36.767   3 2014 03 02 16 51 22.8 0.250 3.08 1.180 COM|ml,2.9ml,us
2.70  -98.156  36.567   6 2014 03 04 10 19 58.3 0.250 2.70 1.180 OGS|ml,OGS,2.4MLOGS
2.77  -98.332  36.777   5 2014 03 07 22 33 55.9 0.250 2.77 1.180 COM|ml,2.5ml,us
3.05  -80.543  41.010   3 2014 03 10 06 26 45.9 0.270 3.05 1.213 COM|ml,3ml,ld
3.54  -96.908  36.125   4 2014 03 10 14 11 20.2 0.250 3.54 1.180 COM|ml,3.5ml,us
2.77  -97.028  35.049  19 2014 03 13 08 07 24.9 0.250 2.77 1.180 COM|ml,2.5ml,us
3.00  -96.750  35.547   5 2014 03 14 14 59 43.6 0.250 3.00 1.180 COM|ml,2.8ml,us
3.7   -97.899  37.192   3 2014 03 16 08 46 20.1 0.100 3.68 1.027 COM|mw,3.7mwr,us
3.46  -97.307  35.496   7 2014 03 17 08 13 38.0 0.250 3.46 1.180 COM|ml,3.4ml,us
2.70  -98.266  36.308  11 2014 03 18 18 05 45.1 0.250 2.70 1.180 OGS|ml,OGS,2.4MLOGS
3.38  -97.825  36.568   4 2014 03 20 22 42 32.2 0.250 3.38 1.180 COM|ml,3.3ml,us
3.00  -98.288  36.684  10 2014 03 21 06 43 13.  0.250 3.00 1.180 COM|ml,2.8ml,us
3.38  -97.591  36.812   4 2014 03 22 19 42 12.2 0.250 3.38 1.180 COM|ml,3.3ml,us
3.15  -96.652  35.769   6 2014 03 24 23 32 46.7 0.250 3.15 1.180 COM|ml,3ml,us
3.00  -97.560  35.740   8 2014 03 25 14 01 19.  0.100 2.98 1.027 SLU|mw,3.00(mwm)
2.85  -96.095  34.838   5 2014 03 25 20 52 17.  0.250 2.85 1.180 COM|ml,2.6ml,us
4.23  -97.590  36.140   4 2014 03 30 06 51 56.  0.100 4.21 1.027 SLU|mw,4.23(mwm)
4.16  -97.190  35.880   4 2014 04 07 16 03 03.  0.100 4.14 1.027 SLU|mw,4.16(mwm)
3.31  -96.638  35.375   6 2014 04 09 21 09 30.5 0.250 3.31 1.180 COM|ml,3.2ml,us
2.62  -92.206  35.408   0 2014 04 10 10 24 21.4 0.250 2.62 1.180 COM|md,2.3md,nm
2.88 -104.943  37.150   5 2014 04 11 10 47 45.5 0.240 2.88 1.165 COM|ml,3.2ml,us
3.77  -97.240  36.260   3 2014 04 12 05 32 52.  0.100 3.75 1.027 SLU|mw,3.77(mwm)
3.08  -97.874  36.873   5 2014 04 12 22 38 02.6 0.250 3.08 1.180 COM|ml,2.9ml,us
3.61  -98.217  36.680   3 2014 04 17 11 50 07.6 0.250 3.61 1.180 COM|ml,3.6ml,us
2.55  -92.059  35.469   0 2014 04 18 10 19 53.9 0.250 2.55 1.180 COM|md,2.2md,nm
2.70  -92.333  35.470   5 2014 04 19 02 21 36.  0.250 2.70 1.180 COM|md,2.4md,nm
2.77  -98.323  36.366   5 2014 04 21 03 58 56.8 0.250 2.77 1.180 COM|ml,2.5ml,us
3.31  -98.715  36.768   5 2014 04 24 17 46 19.  0.250 3.31 1.180 COM|ml,3.2ml,us
3.08  -97.629  36.811  12 2014 04 28 12 00 18.  0.250 3.08 1.180 COM|ml,2.9ml,us
2.70  -92.632  35.371   6 2014 04 29 01 56 13.7 0.250 2.70 1.180 COM|md,2.4md,nm
2.93  -97.614  34.430   5 2014 04 29 17 06 40.4 0.250 2.93 1.180 COM|ml,2.7ml,us
2.55  -92.336  35.474   4 2014 05 04 02 10 36.  0.250 2.55 1.180 COM|md,2.2md,nm
3.85  -97.590  36.560   4 2014 05 09 18 52 47.  0.100 3.83 1.027 SLU|mw,3.85(mwm)
3.15  -96.674  36.309   5 2014 05 12 00 13 03.6 0.250 3.15 1.180 COM|ml,3ml,us
2.55  -92.630  35.376   7 2014 05 13 10 38 06.3 0.250 2.55 1.180 COM|md,2.2md,nm
3.38  -96.894  36.139   5 2014 05 13 21 39 11.7 0.250 3.38 1.180 COM|ml,3.3ml,us
2.78 -100.880  32.782   5 2014 05 14 15 52 17.9 0.240 2.78 1.165 COM|mg,3.1mb_lg,us
3.15  -96.312  34.429   5 2014 05 16 03 35 07.  0.250 3.15 1.180 COM|ml,3ml,us
2.77  -98.329  36.592   5 2014 05 17 18 35 09.6 0.250 2.77 1.180 OGS|ml,OGS,2.5MLOGS
2.70  -98.733  36.783  14 2014 05 18 15 44 04.2 0.250 2.70 1.180 OGS|ml,OGS,2.4MLOGS
2.70  -96.765  35.538   5 2014 05 19 09 40 42.8 0.250 2.70 1.180 OGS|ml,OGS,2.4MLOGS
2.55  -92.172  35.523   4 2014 05 20 04 29 32.2 0.250 2.55 1.180 COM|md,2.2md,nm
2.93  -97.852  35.120  13 2014 05 24 05 33 13.9 0.250 2.93 1.180 COM|ml,2.7ml,us
2.93  -98.035  37.105   7 2014 05 24 08 33 13.1 0.250 2.93 1.180 COM|ml,2.71ml,ismpkansas
2.93  -95.691  34.769   5 2014 05 24 23 12 54.  0.250 2.93 1.180 COM|ml,2.7ml,us
2.77  -97.491  34.072   5 2014 05 25 10 58 55.2 0.250 2.77 1.180 COM|ml,2.5ml,us
2.77  -98.740  36.766   1 2014 05 27 00 30 43.  0.250 2.77 1.180 COM|ml,2.5ml,us
3.39  -98.320  36.590   6 2014 05 30 21 42 02.  0.100 3.37 1.027 SLU|mw,3.39(mwm)
3.23  -97.966  36.480   4 2014 05 30 22 44 56.7 0.250 3.23 1.180 COM|ml,3.1ml,us
3.01  -97.642  37.116   4 2014 05 30 22 53 45.8 0.250 3.01 1.180 COM|ml,2.81ml,ismpkansas
3.17 -104.650  40.460   5 2014 06 01 03 35 21.  0.100 3.15 1.027 SLU|mw,3.17(mwm)
3.23  -96.506  35.418   5 2014 06 01 05 50 09.1 0.250 3.23 1.180 COM|ml,3.1ml,us
2.62  -97.471  34.066  12 2014 06 03 16 28 41.3 0.250 2.62 1.180 OGS|ml,OGS,2.3MLOGS
3.81  -92.270  35.570   2 2014 06 04 21 19 24.  0.100 3.79 1.027 SLU|mw,3.81(mwm)
2.85  -97.269  36.513   2 2014 06 07 01 56 33.4 0.250 2.85 1.180 COM|ml,2.6ml,us
2.85  -97.405  36.871   6 2014 06 07 15 54 02.6 0.250 2.85 1.180 COM|ml,2.6ml,us
2.64  -98.087  37.089   5 2014 06 09 02 32 11.6 0.250 2.64 1.180 COM|ml,2.33ml,ismpkansas
2.93  -96.707  36.159   8 2014 06 10 09 58 13.  0.250 2.93 1.180 COM|ml,2.7ml,us
2.85  -97.635  34.392   5 2014 06 10 21 54 27.9 0.250 2.85 1.180 COM|ml,2.6ml,us
2.77  -97.120  36.456   3 2014 06 18 01 10 12.3 0.250 2.77 1.180 COM|ml,2.5ml,us
2.93  -96.557  35.368   5 2014 06 19 02 00 32.5 0.250 2.93 1.180 COM|ml,2.7ml,us
2.70  -91.710  35.388   0 2014 06 19 03 10 02.2 0.250 2.70 1.180 COM|md,2.4md,nm
3.08  -97.002  36.195   7 2014 06 20 10 29 59.6 0.250 3.08 1.180 COM|ml,2.9ml,us
3.08  -97.693  34.552   5 2014 06 21 19 21 46.5 0.250 3.08 1.180 COM|ml,2.9ml,us
3.31  -97.377  36.884   6 2014 06 24 16 57 30.7 0.250 3.31 1.180 COM|ml,3.2ml,us
3.01  -97.970  37.236   4 2014 06 24 20 48 16.3 0.250 3.01 1.180 COM|ml,2.81ml,ismpkansas
2.70  -98.130  36.562   6 2014 06 24 21 07 19.3 0.250 2.70 1.180 OGS|ml,OGS,2.4MLOGS
2.96  -97.647  37.117   5 2014 06 26 09 49 01.5 0.250 2.96 1.180 COM|ml,2.74ml,ismpkansas
3.00  -96.815  35.832   5 2014 06 27 13 17 49.1 0.250 3.00 1.180 COM|ml,2.8ml,us
3.65  -97.300  35.910   7 2014 06 27 15 09 02.  0.100 3.63 1.027 SLU|mw,3.65(mwm)
2.85  -97.262  36.277   6 2014 07 02 13 43 40.6 0.250 2.85 1.180 COM|ml,2.6ml,us
2.55  -97.169  33.972   5 2014 07 02 22 45 49.7 0.250 2.55 1.180 OGS|ml,OGS,2.2MLOGS
3.15  -96.931  36.384   5 2014 07 03 16 09 03.4 0.250 3.15 1.180 COM|ml,3ml,us
3.38  -97.542  36.216   5 2014 07 06 01 44 18.7 0.250 3.38 1.180 COM|ml,3.3ml,us
3.31  -97.468  34.071   8 2014 07 07 14 38 21.5 0.250 3.31 1.180 COM|ml,3.2ml,us
2.78 -104.967  37.001   4 2014 07 10 03 22 47.6 0.240 2.78 1.165 COM|ml,3.1ml,us
2.77  -96.764  35.538   5 2014 07 10 04 05 43.4 0.250 2.77 1.180 COM|ml,2.5ml,us
3.17  -97.790  37.120   3 2014 07 17 10 40 43.  0.100 3.15 1.027 SLU|mw,3.17(mwm)
2.98  -98.090  37.339   6 2014 07 20 12 24 58.2 0.240 2.98 1.165 COM|mg,3.3mb_lg,us
2.55  -98.145  36.419   7 2014 07 21 19 01 17.2 0.250 2.55 1.180 OGS|ml,OGS,2.2MLOGS
2.55  -97.917  35.134   5 2014 07 23 20 23 47.0 0.250 2.55 1.180 OGS|ml,OGS,2.2MLOGS
2.93  -98.075  36.962   6 2014 07 25 11 48 10.7 0.250 2.93 1.180 OGS|ml,OGS,2.7MLOGS
3.31  -96.809  36.144   0 2014 07 27 22 19 20.  0.250 3.31 1.180 COM|ml,3.2ml,us
4.26  -97.990  36.730   3 2014 07 29 02 46 36.  0.100 4.24 1.027 SLU|mw,4.26(mwm)
2.62  -92.296  35.502   4 2014 07 30 07 42 23.5 0.250 2.62 1.180 COM|md,2.3md,nm
3.31  -97.543  36.301   5 2014 07 31 06 09 30.7 0.250 3.31 1.180 COM|ml,3.2ml,us
2.55  -92.071  35.472   3 2014 08 02 04 58 43.7 0.250 2.55 1.180 COM|md,2.2md,nm
2.77  -97.740  35.943   5 2014 08 05 11 46 17.6 0.250 2.77 1.180 COM|ml,2.5ml,us
2.55  -96.499  35.331   5 2014 08 07 07 14 41.4 0.250 2.55 1.180 OGS|ml,OGS,2.2MLOGS
3.38  -97.122  36.289   5 2014 08 10 22 29 04.2 0.250 3.38 1.180 COM|ml,3.3ml,us
2.93  -95.972  35.305   5 2014 08 12 04 03 40.2 0.250 2.93 1.180 OGS|ml,OGS,2.7MLOGS
2.77  -97.829  35.016   5 2014 08 13 04 11 25.5 0.250 2.77 1.180 COM|ml,2.5ml,us
2.85  -98.621  36.557   5 2014 08 14 13 57 10.7 0.250 2.85 1.180 OGS|ml,OGS,2.6MLOGS
3.53  -96.490  35.370  15 2014 08 18 02 50 09.  0.100 3.51 1.027 SLU|mw,3.53(mwm)
4.32  -97.470  35.820   5 2014 08 19 12 41 35.  0.100 4.30 1.027 SLU|mw,4.32(mwm)
2.78  -97.961  37.246   7 2014 08 20 16 33 58.8 0.240 2.78 1.165 COM|mg,3.1mb_lg,us
3.00  -99.028  36.508   8 2014 08 22 11 22 40.8 0.250 3.00 1.180 COM|ml,2.8ml,us
2.68  -98.157  37.366   8 2014 08 25 00 10 05.0 0.240 2.68 1.165 COM|mg,3mb_lg,us
2.70  -96.786  35.530   5 2014 08 26 07 40 35.4 0.250 2.70 1.180 OGS|ml,OGS,2.4MLOGS
2.68  -96.808  35.940   2 2014 08 27 10 36 00.0 0.240 2.68 1.165 COM|mg,3mb_lg,us
3.46  -98.473  36.519   4 2014 09 02 08 05 10.3 0.250 3.46 1.180 COM|ml,3.4ml,us
2.86  -97.878  37.223   4 2014 09 02 20 53 04.7 0.250 2.86 1.180 COM|ml,2.61ml,ismpkansas
2.93  -98.084  35.532   5 2014 09 02 20 55 15.2 0.250 2.93 1.180 COM|ml,2.7ml,us
3.39  -97.600  37.270   7 2014 09 08 12 56 52.  0.100 3.37 1.027 SLU|mw,3.39(mwm)
2.88  -98.670  28.918   5 2014 09 10 17 53 25.0 0.240 2.88 1.165 COM|mg,3.2mb_lg,us
2.77  -99.013  36.500   5 2014 09 12 07 05 30.9 0.250 2.77 1.180 COM|ml,2.5ml,us
2.62  -92.238  35.473   4 2014 09 12 10 44 12.1 0.250 2.62 1.180 COM|md,2.3md,nm
2.88 -100.818  32.908   3 2014 09 14 09 18 59.9 0.240 2.88 1.165 COM|mg,3.2mb_lg,us
2.77  -97.050  36.553   7 2014 09 15 15 34 54.1 0.250 2.77 1.180 COM|ml,2.5ml,us
3.31  -96.808  36.147   7 2014 09 17 12 02 55.1 0.250 3.31 1.180 COM|ml,3.2ml,us
3.71  -97.600  36.580   3 2014 09 19 01 31 53.  0.100 3.69 1.027 SLU|mw,3.71(mwm)
3.61  -97.546  34.629   5 2014 09 22 19 28 34.7 0.250 3.61 1.180 COM|ml,3.6ml,us
3.38  -96.526  35.447   4 2014 09 23 07 58 02.8 0.250 3.38 1.180 COM|ml,3.3ml,us
3.47  -96.780  36.390   3 2014 09 24 05 49 33.  0.100 3.45 1.027 SLU|mw,3.47(mwm)
2.93  -96.137  35.103   5 2014 09 25 10 56 50.8 0.250 2.93 1.180 COM|ml,2.7ml,us
3.96  -97.560  36.230   3 2014 09 30 03 01 26.  0.100 3.94 1.027 SLU|mw,3.96(mwm)
2.58 -104.927  37.058   7 2014 09 30 09 55 01.5 0.240 2.58 1.165 COM|ml,2.9ml,us
2.78  -94.055  31.676   5 2014 10 03 04 52 32.6 0.240 2.78 1.165 COM|mg,3.1mb_lg,us
3.20  -97.090  35.760   3 2014 10 08 01 48 28.  0.100 3.18 1.027 SLU|mw,3.20(mwm)
4.16  -96.770  35.960   4 2014 10 10 13 51 21.  0.100 4.14 1.027 SLU|mw,4.16(mwm)
3.38  -98.473  36.519   4 2014 10 14 04 55 44.8 0.250 3.38 1.180 COM|ml,3.3ml,us
2.62  -97.378  36.854   5 2014 10 17 06 18 54.8 0.250 2.62 1.180 OGS|ml,OGS,2.3MLOGS
3.48 -104.922  37.016   5 2014 10 17 17 01 05.4 0.240 3.48 1.165 COM|ml,3.8ml,us
3.46  -96.928  36.285   4 2014 10 19 01 16 13.1 0.250 3.46 1.180 COM|ml,3.4ml,us
2.62  -97.557  34.310   5 2014 10 23 14 13 09.7 0.250 2.62 1.180 OGS|ml,OGS,2.3MLOGS
3.69  -99.089  36.490   9 2014 10 26 18 23 10.  0.250 3.69 1.180 COM|ml,3.7ml,us
3.31  -97.260  36.050   3 2014 10 30 18 57 02.  0.100 3.29 1.027 SLU|mw,3.31(mwm)
2.74  -97.534  37.127   4 2014 11 01 21 11 27.7 0.250 2.74 1.180 COM|ml,2.45ml,ismpkansas
2.85  -97.039  35.743   6 2014 11 02 14 00 19.6 0.250 2.85 1.180 COM|ml,2.6ml,us
3.38  -97.211  35.607   6 2014 11 03 07 10 32.5 0.250 3.38 1.180 COM|ml,3.3ml,us
3.00  -97.720  34.520   5 2014 11 04 21 24 53.  0.250 3.00 1.180 COM|ml,2.8ml,us
2.77  -98.223  36.924   4 2014 11 07 01 46 02.4 0.250 2.77 1.180 COM|ml,2.5ml,us
3.08  -97.470  34.073   5 2014 11 07 16 00 29.6 0.250 3.08 1.180 COM|ml,2.9ml,us
4.78  -97.620  37.270   8 2014 11 12 21 40 00.  0.100 4.76 1.027 SLU|mw,4.78(mwm)
3.59  -96.530  35.340   3 2014 11 13 01 28 31.  0.100 3.57 1.027 SLU|mw,3.59(mwm)
3.38  -97.877  36.846   5 2014 11 14 07 06 51.  0.250 3.38 1.180 COM|ml,3.3ml,us
3.61  -98.000  36.626   4 2014 11 14 11 58 31.1 0.250 3.61 1.180 COM|ml,3.6ml,us
2.70  -92.236  35.465   0 2014 11 15 13 47 25.3 0.250 2.70 1.180 COM|md,2.4md,nm
3.46  -96.974  36.281   5 2014 11 18 21 43 55.1 0.250 3.46 1.180 COM|ml,3.4ml,us
2.70  -92.574  35.334   6 2014 11 21 17 18 04.3 0.250 2.70 1.180 COM|md,2.4md,nm
2.98  -96.893  32.835   4 2014 11 23 03 15 47.7 0.240 2.98 1.165 COM|mg,3.3mb_lg,us
3.15  -97.262  35.495   7 2014 11 23 04 50 23.2 0.250 3.15 1.180 COM|ml,3ml,us
3.69  -97.530  36.330   4 2014 11 24 06 36 08.  0.100 3.67 1.027 SLU|mw,3.69(mwm)
2.85  -98.648  36.718   5 2014 11 27 22 17 42.3 0.250 2.85 1.180 COM|ml,2.6ml,us
3.08  -97.133  32.504   5 2014 11 30 05 52 24.0 0.240 3.08 1.165 COM|mg,3.4mb_lg,us
3.51  -96.760  35.530   9 2014 11 30 06 59 56.  0.100 3.49 1.027 SLU|mw,3.51(mwm)
3.93  -97.610  36.580   3 2014 11 30 10 24 44.  0.100 3.91 1.027 SLU|mw,3.93(mwm)
2.68 -104.939  37.105   3 2014 12 02 21 57 20.3 0.240 2.68 1.165 COM|ml,3ml,us
3.69  -99.028  36.502   7 2014 12 03 13 33 33.6 0.250 3.69 1.180 COM|ml,3.7ml,us
2.70  -97.416  36.970   6 2014 12 05 16 31 04.9 0.250 2.70 1.180 OGS|ml,OGS,2.4MLOGS
3.15  -96.756  34.175   5 2014 12 07 20 57 22.5 0.250 3.15 1.180 COM|ml,3ml,us
3.60  -97.450  35.820   4 2014 12 07 22 13 08.  0.100 3.58 1.027 SLU|mw,3.60(mwm)
3.69  -96.821  35.819   6 2014 12 09 06 28 33.1 0.250 3.69 1.180 COM|ml,3.7ml,us
3.38  -97.091  36.352   8 2014 12 12 11 31 46.4 0.250 3.38 1.180 COM|ml,3.3ml,us
3.84  -98.160  36.870   4 2014 12 14 09 14 21.  0.100 3.82 1.027 SLU|mw,3.84(mwm)
3.87  -96.780  36.360   3 2014 12 14 21 18 20.  0.100 3.85 1.027 SLU|mw,3.87(mwm)
2.70  -97.809  34.998  12 2014 12 15 15 40 47.0 0.250 2.70 1.180 OGS|ml,OGS,2.4MLOGS
3.08  -97.927  35.442   8 2014 12 23 04 50 17.2 0.250 3.08 1.180 COM|ml,2.9ml,us
3.08 -104.772  36.950   9 2014 12 23 12 33 36.4 0.240 3.08 1.165 COM|ml,3.4ml,us
3.23  -98.325  36.571   5 2014 12 30 15 11 50.1 0.250 3.23 1.180 COM|ml,3.1ml,us
2.55  -92.444  35.516   0 2015 01 02 20 47 43.4 0.250 2.55 1.180 COM|md,2.2md,nm
2.55  -92.068  35.461   4 2015 01 02 22 55 46.2 0.250 2.55 1.180 COM|md,2.2md,nm
2.62  -96.491  35.406   5 2015 01 06 06 50 08.7 0.250 2.62 1.180 OGS|ml,OGS,2.3MLOGS
3.18 -100.865  32.866   4 2015 01 06 21 55 19.1 0.240 3.18 1.165 COM|mg,3.5mb_lg,us
3.38 -104.751  36.876   4 2015 01 07 00 40 26.5 0.240 3.38 1.165 COM|ml,3.7ml,us
3.28  -96.892  32.847   5 2015 01 07 00 52 09.0 0.240 3.28 1.165 COM|mg,3.6mb_lg,us
3.71  -97.430  35.820   4 2015 01 07 19 41 37.  0.100 3.69 1.027 SLU|mw,3.71(mwm)
2.70  -97.291  33.988   8 2015 01 08 07 24 07.7 0.250 2.70 1.180 OGS|ml,OGS,2.4MLOGS
2.93  -98.803  36.918   4 2015 01 08 10 44 26.1 0.250 2.93 1.180 COM|ml,2.7ml,us
3.08  -97.015  35.434   3 2015 01 10 05 12 39.2 0.250 3.08 1.180 COM|ml,2.9ml,us
3.23  -99.085  36.489   8 2015 01 16 13 41 31.6 0.250 3.23 1.180 COM|ml,3.1ml,us
2.93  -98.230  35.402   7 2015 01 17 22 44 56.6 0.250 2.93 1.180 OGS|ml,OGS,2.7MLOGS
2.70  -92.541  35.486  19 2015 01 20 09 29 31.8 0.250 2.70 1.180 COM|md,2.4md,nm
2.62  -96.514  35.475   2 2015 01 21 00 58 47.2 0.250 2.62 1.180 OGS|ml,OGS,2.3MLOGS
2.70  -96.705  35.066   5 2015 01 21 01 23 03.9 0.250 2.70 1.180 OGS|ml,OGS,2.4MLOGS
4.07  -97.702  36.848   7 2015 01 26 19 30 44.7 0.250 4.07 1.180 COM|ml,4.2ml,us
4.24  -97.270  36.260   4 2015 01 27 11 31 10.  0.100 4.22 1.027 SLU|mw,4.24(mwm)
3.31  -97.231  35.540   7 2015 01 28 09 33 50.  0.250 3.31 1.180 COM|ml,3.2ml,us
3.38  -96.761  35.539   5 2015 01 29 19 38 30.8 0.250 3.38 1.180 COM|ml,3.3ml,us
2.55  -98.524  36.185   5 2015 01 30 21 49 03.8 0.250 2.55 1.180 OGS|ml,OGS,2.2MLOGS
2.78  -98.080  28.846   5 2015 01 31 02 17 02.2 0.240 2.78 1.165 COM|mg,3.1mb_lg,us
2.78 -104.975  37.084   5 2015 02 02 14 10 12.9 0.240 2.78 1.165 COM|ml,3.1ml,us
3.23  -98.766  36.455   4 2015 02 02 21 52 13.5 0.250 3.23 1.180 OGS|ml,OGS,3.1MLOGS
3.40  -98.180  36.520   3 2015 02 05 07 06 47.  0.100 3.38 1.027 SLU|mw,3.40(mwm)
4.12  -98.270  36.790   6 2015 02 05 15 08 41.  0.100 4.10 1.027 SLU|mw,4.12(mwm)
2.70  -97.043  35.875   4 2015 02 08 01 03 33.5 0.250 2.70 1.180 OGS|ml,OGS,2.4MLOGS
2.50  -92.445  35.512   1 2015 02 08 10 56 15.5 0.250 2.50 1.180 COM|md,2.14md,nm
2.70  -98.538  36.181  13 2015 02 09 18 36 29.2 0.250 2.70 1.180 OGS|ml,OGS,2.4MLOGS
2.70  -97.637  36.286   5 2015 02 10 17 58 08.4 0.250 2.70 1.180 OGS|ml,OGS,2.4MLOGS
2.62  -97.774  34.866   5 2015 02 11 15 25 42.6 0.250 2.62 1.180 OGS|ml,OGS,2.3MLOGS
2.85  -97.237  35.543   6 2015 02 18 06 11 11.3 0.250 2.85 1.180 COM|ml,2.6ml,us
2.70  -97.654  34.852   1 2015 02 19 00 05 48.4 0.250 2.70 1.180 OGS|ml,OGS,2.4MLOGS
3.08  -98.674  36.576   5 2015 02 19 14 52 49.3 0.250 3.08 1.180 COM|ml,2.9ml,us
2.70  -96.534  35.347   3 2015 02 22 01 02 22.9 0.250 2.70 1.180 OGS|ml,OGS,2.4MLOGS
3.28 -104.982  37.155   5 2015 02 22 07 31 48.1 0.240 3.28 1.165 COM|ml,3.6ml,us
2.93  -99.086  36.119   5 2015 02 24 01 52 01.9 0.250 2.93 1.180 OGS|ml,OGS,2.7MLOGS
3.00  -97.066  36.522   6 2015 02 24 04 50 48.6 0.250 3.00 1.180 COM|ml,2.8ml,us
2.77  -99.010  36.512   1 2015 02 24 07 50 48.4 0.250 2.77 1.180 COM|ml,2.5ml,us
2.78  -96.910  32.834   8 2015 02 27 12 18 21.7 0.240 2.78 1.165 COM|mg,3.1mb_lg,us
3.31  -96.774  35.953   4 2015 03 01 00 05 12.2 0.250 3.31 1.180 COM|ml,3.2ml,us
3.00  -97.967  35.331   4 2015 03 01 12 28 06.5 0.250 3.00 1.180 COM|ml,2.8ml,us
2.70  -97.409  35.594   7 2015 03 03 10 18 48.7 0.250 2.70 1.180 OGS|ml,OGS,2.4MLOGS
3.69  -97.440  35.830   5 2015 03 09 03 24 40.  0.100 3.67 1.027 SLU|mw,3.69(mwm)
3.08  -99.023  36.513   9 2015 03 09 06 29 06.5 0.250 3.08 1.180 COM|ml,2.9ml,us
3.08  -96.734  36.207   3 2015 03 10 05 13 01.7 0.250 3.08 1.180 COM|ml,2.9ml,us
2.85  -97.958  35.324   9 2015 03 13 18 32 31.2 0.250 2.85 1.180 COM|ml,2.6ml,us
2.71  -92.277  35.500   5 2015 03 16 22 08 02.3 0.250 2.71 1.180 COM|md,2.41md,nm
3.08  -98.693  36.762   5 2015 03 19 20 36 15.2 0.250 3.08 1.180 OGS|ml,OGS,2.9MLOGS
3.48 -104.746  36.893   5 2015 03 20 05 19 18.9 0.240 3.48 1.165 COM|ml,3.8ml,us
2.93  -98.558  36.546   5 2015 03 20 14 13 04.2 0.250 2.93 1.180 COM|ml,2.7ml,us
3.63  -97.040  35.850   5 2015 03 23 17 17 30.  0.100 3.61 1.027 SLU|mw,3.63(mwm)
3.54  -98.956  36.518   0 2015 03 24 09 39 13.7 0.250 3.54 1.180 COM|ml,3.5ml,us
3.7   -97.650  37.105   6 2015 03 24 15 31 51.4 0.100 3.68 1.027 COM|mw,3.7mwr,us
2.85  -96.828  36.139   3 2015 03 27 03 10 55.2 0.250 2.85 1.180 COM|ml,2.6ml,us
3.08  -96.523  35.492   5 2015 03 28 10 43 18.4 0.250 3.08 1.180 COM|ml,2.9ml,us
2.58  -97.571  37.348   4 2015 03 31 15 11 13.6 0.250 2.58 1.180 COM|ml,2.24ml,ismpkansas
2.98  -96.936  32.859   8 2015 04 02 22 36 21.0 0.240 2.98 1.165 COM|mg,3.3mb_lg,us
3.38  -98.152  36.487   7 2015 04 03 20 54 00.8 0.250 3.38 1.180 COM|ml,3.3ml,us
2.73  -98.027  37.251   4 2015 04 03 21 14 12.1 0.250 2.73 1.180 COM|ml,2.44ml,ismpkansas
3.00  -96.738  35.495   5 2015 04 14 14 32 06.8 0.250 3.00 1.180 COM|ml,2.8ml,us
4.09  -97.340  35.940   4 2015 04 19 05 27 15.  0.100 4.07 1.027 SLU|mw,4.09(mwm)
2.85  -97.910  36.028   3 2015 04 21 11 59 22.  0.250 2.85 1.180 COM|ml,2.6ml,us
3.08  -98.581  36.719   5 2015 04 22 20 20 09.9 0.250 3.08 1.180 COM|ml,2.9ml,us
3.46  -97.333  36.403   8 2015 04 25 23 13 04.3 0.250 3.46 1.180 COM|ml,3.4ml,us
2.58 -104.985  37.053   5 2015 04 27 04 49 12.5 0.240 2.58 1.165 COM|mg,2.9mb_lg,us
3.00  -98.738  36.334   5 2015 04 28 20 34 43.5 0.250 3.00 1.180 OGS|ml,OGS,2.8MLOGS
2.85  -98.473  36.527   6 2015 04 28 22 44 32.1 0.250 2.85 1.180 OGS|ml,OGS,2.6MLOGS
3.71  -98.980  36.540  10 2015 05 01 07 32 54.  0.100 3.69 1.027 SLU|mw,3.71(mwm)
2.55  -97.936  35.345   5 2015 05 02 06 48 39.9 0.250 2.55 1.180 OGS|ml,OGS,2.2MLOGS
2.62  -97.973  35.762   7 2015 05 03 09 48 52.1 0.250 2.62 1.180 OGS|ml,OGS,2.3MLOGS
2.88  -96.951  32.851   5 2015 05 03 15 11 16.1 0.240 2.88 1.165 COM|mg,3.2mb_lg,us
2.90  -97.965  37.243   2 2015 05 04 16 23 48.6 0.250 2.90 1.180 COM|ml,2.66ml,ismpkansas
3.23  -96.753  36.320   1 2015 05 06 17 11 39.4 0.250 3.23 1.180 COM|ml,3.1ml,us
2.73  -97.603  37.288   6 2015 05 06 22 11 49.8 0.250 2.73 1.180 COM|ml,2.44ml,ismpkansas
3.96  -97.130  32.480   4 2015 05 07 22 58 05.  0.100 3.94 1.027 SLU|mw,3.96(mwm)
2.93  -98.434  36.735   8 2015 05 09 06 44 42.2 0.250 2.93 1.180 COM|ml,2.7ml,us
3.38  -98.688  36.764   8 2015 05 10 21 15 23.1 0.250 3.38 1.180 COM|ml,3.3ml,us
2.55  -92.444  35.500   4 2015 05 13 04 58 52.3 0.250 2.55 1.180 COM|md,2.2md,nm
2.70  -96.737  35.491   6 2015 05 14 10 27 55.8 0.250 2.70 1.180 OGS|ml,OGS,2.4MLOGS
2.62  -96.104  34.848   5 2015 05 17 14 33 00.8 0.250 2.62 1.180 OGS|ml,OGS,2.3MLOGS
2.98  -96.957  32.868   5 2015 05 18 18 14 29.9 0.240 2.98 1.165 COM|mg,3.3mb_lg,us
2.55  -98.230  36.285  10 2015 05 21 05 24 24.8 0.250 2.55 1.180 OGS|ml,OGS,2.2MLOGS
3.44  -98.360  36.590   3 2015 05 22 10 57 30.  0.100 3.42 1.027 SLU|mw,3.44(mwm)
3.96  -98.930  37.430   3 2015 05 23 18 44 29.  0.100 3.94 1.027 SLU|mw,3.96(mwm)
2.77  -98.194  36.321   7 2015 05 28 14 48 43.  0.250 2.77 1.180 COM|ml,2.5ml,us
2.93  -96.493  35.405   5 2015 05 28 21 04 40.7 0.250 2.93 1.180 COM|ml,2.7ml,us
2.70  -96.047  35.276   5 2015 05 29 11 38 23.4 0.250 2.70 1.180 OGS|ml,OGS,2.4MLOGS
3.43  -97.620  36.930   3 2015 06 02 07 55 51.  0.100 3.41 1.027 SLU|mw,3.43(mwm)
3.69  -96.989  35.788   6 2015 06 02 21 34 56.2 0.250 3.69 1.180 COM|ml,3.7ml,us
3.31  -96.983  36.166   5 2015 06 05 18 31 35.2 0.250 3.31 1.180 COM|ml,3.2ml,us
3.96  -98.010  37.210   3 2015 06 05 23 12 48.  0.100 3.94 1.027 SLU|mw,3.96(mwm)
3.84  -98.661  36.392   4 2015 06 08 13 20 16.  0.250 3.84 1.180 COM|ml,3.9ml,us
3.15  -97.667  36.624   5 2015 06 11 02 25 13.4 0.250 3.15 1.180 COM|ml,3ml,us
2.70  -98.187  36.306   7 2015 06 11 16 26 32.2 0.250 2.70 1.180 OGS|ml,OGS,2.4MLOGS
3.15  -98.833  36.872   3 2015 06 11 22 55 55.9 0.250 3.15 1.180 COM|ml,3ml,us
2.93  -97.673  35.003   3 2015 06 12 11 38 36.2 0.250 2.93 1.180 COM|ml,2.7ml,us
3.54  -97.125  35.558   7 2015 06 12 22 35 38.8 0.250 3.54 1.180 COM|ml,3.5ml,us
3.54  -96.690  36.310   3 2015 06 12 22 42 24.  0.100 3.52 1.027 SLU|mw,3.54(mwm)
2.77  -98.976  36.529   5 2015 06 17 00 17 26.5 0.250 2.77 1.180 OGS|ml,OGS,2.5MLOGS
3.97  -97.420  35.770   4 2015 06 20 05 10 54.  0.100 3.95 1.027 SLU|mw,3.97(mwm)
3.46  -98.611  36.688   5 2015 06 23 17 37 55.4 0.250 3.46 1.180 COM|ml,3.4ml,us
3.23  -97.565  36.591   6 2015 06 27 22 49 06.8 0.250 3.23 1.180 COM|ml,3.1ml,us
3.54  -97.863  36.920   0 2015 06 29 04 12 37.4 0.250 3.54 1.180 COM|ml,3.5ml,us
2.85  -98.985  36.523   5 2015 06 30 10 48 15.4 0.250 2.85 1.180 OGS|ml,OGS,2.6MLOGS
2.85  -96.513  35.438   7 2015 06 30 23 39 41.6 0.250 2.85 1.180 COM|ml,2.6ml,us
2.77  -97.602  37.254   5 2015 07 05 13 54 13.0 0.250 2.77 1.180 COM|ml,2.5ml,us
3.15  -97.095  35.666   5 2015 07 09 06 45 19.6 0.250 3.15 1.180 COM|ml,3ml,us
2.77  -96.748  35.991   4 2015 07 09 19 50 26.5 0.250 2.77 1.180 COM|ml,2.5ml,us
3.57  -97.110  36.040   4 2015 07 11 09 23 35.  0.100 3.55 1.027 SLU|mw,3.57(mwm)
3.2   -97.680  34.978   5 2015 07 14 08 22 15.  0.100 3.18 1.027 COM|mw,3.2mwr,us
2.93  -97.761  34.478   5 2015 07 17 10 47 54.2 0.250 2.93 1.180 COM|ml,2.7ml,us
4.4   -98.259  36.842   4 2015 07 20 20 19 03.4 0.100 4.38 1.027 COM|mw,4.4mwr,us
3.46  -96.860  36.388   5 2015 07 20 20 50 16.  0.250 3.46 1.180 COM|ml,3.4ml,us
3.15  -97.115  35.448   6 2015 07 23 17 33 19.9 0.250 3.15 1.180 COM|ml,3ml,us
3.31  -99.009  36.519   5 2015 07 26 11 30 47.3 0.250 3.31 1.180 COM|ml,3.2ml,us
4.47  -97.580  36.010   4 2015 07 27 18 12 15.  0.100 4.45 1.027 SLU|mw,4.47(mwm)
2.93  -97.603  34.288   4 2015 08 02 23 45 53.9 0.250 2.93 1.180 COM|ml,2.7ml,us
3.31  -97.918  37.052   7 2015 08 08 13 57 32.9 0.250 3.31 1.180 COM|ml,3.2ml,us
3.61  -97.109  35.439   7 2015 08 09 02 56 18.5 0.250 3.61 1.180 COM|ml,3.6ml,us
3.00  -96.889  35.603   6 2015 08 09 03 28 39.2 0.250 3.00 1.180 COM|ml,2.8ml,us
2.85  -98.149  36.405   7 2015 08 14 03 19 22.7 0.250 2.85 1.180 COM|ml,2.6ml,us
3.99  -97.800  36.830   3 2015 08 14 21 25 41.  0.100 3.97 1.027 SLU|mw,3.99(mwm)
3.31  -98.918  36.481   6 2015 08 15 03 34 22.  0.250 3.31 1.180 COM|ml,3.2ml,us
2.93  -95.852  34.616   7 2015 08 15 15 04 03.0 0.250 2.93 1.180 OGS|ml,OGS,2.7MLOGS
2.51  -97.483  37.316   1 2015 08 16 09 50 45.0 0.250 2.51 1.180 COM|ml,2.15ml,ismpkansas
3.38  -96.670  35.336   5 2015 08 17 11 53 56.4 0.250 3.38 1.180 COM|ml,3.3ml,us
2.58 -104.886  36.901   4 2015 08 18 02 37 55.6 0.240 2.58 1.165 COM|ml,2.9ml,us
3.78 -104.930  37.110   2 2015 08 20 05 14 19.  0.100 3.76 1.027 SLU|mw,3.78(mwm)
2.70  -98.664  36.189  10 2015 08 29 03 10 35.5 0.250 2.70 1.180 OGS|ml,OGS,2.4MLOGS
2.85  -97.139  36.543   7 2015 08 31 20 19 40.7 0.250 2.85 1.180 COM|ml,2.6ml,us
2.70  -97.019  35.784   5 2015 09 05 03 09 40.1 0.250 2.70 1.180 OGS|ml,OGS,2.4MLOGS
2.77  -97.815  36.331   7 2015 09 05 14 49 33.7 0.250 2.77 1.180 COM|ml,2.5ml,us
3.08  -96.755  35.549   6 2015 09 10 11 10 53.6 0.250 3.08 1.180 COM|ml,2.9ml,us
2.77  -92.488  35.338   6 2015 09 12 05 18 45.8 0.250 2.77 1.180 COM|md,2.5md,nm
3.08  -97.393  36.571   6 2015 09 14 22 58 32.3 0.250 3.08 1.180 COM|ml,2.9ml,us
2.77  -98.756  36.753   5 2015 09 15 19 08 02.7 0.250 2.77 1.180 COM|ml,2.5ml,us
3.62  -98.930  36.500   3 2015 09 16 04 48 01.  0.100 3.60 1.027 SLU|mw,3.62(mwm)
2.55  -98.822  35.749   1 2015 09 16 11 20 00.0 0.250 2.55 1.180 OGS|ml,OGS,2.2MLOGS
3.38  -96.792  36.333   5 2015 09 16 15 17 36.3 0.250 3.38 1.180 COM|ml,3.3ml,us
3.36  -98.920  37.450   7 2015 09 18 02 12 01.  0.100 3.34 1.027 SLU|mw,3.36(mwm)
3.76  -98.532  36.266   6 2015 09 21 19 50 27.6 0.250 3.76 1.180 COM|ml,3.8ml,us
2.58  -97.815  29.146   5 2015 09 22 04 53 01.5 0.240 2.58 1.165 COM|mg,2.9mb_lg,us
3.32  -98.160  36.280   3 2015 09 22 06 33 53.  0.100 3.30 1.027 SLU|mw,3.32(mwm)
2.85  -97.050  35.607   5 2015 09 22 19 57 11.3 0.250 2.85 1.180 COM|ml,2.6ml,us
2.77  -96.473  35.401   1 2015 09 24 09 46 31.9 0.250 2.77 1.180 OGS|ml,OGS,2.5MLOGS
3.46  -98.458  36.527   1 2015 09 25 06 02 58.  0.250 3.46 1.180 COM|ml,3.4ml,us
2.93  -97.814  36.330   8 2015 09 27 01 06 43.4 0.250 2.93 1.180 COM|ml,2.7ml,us
2.85  -98.652  36.701   5 2015 09 30 13 33 35.5 0.250 2.85 1.180 COM|ml,2.6ml,us
3.65  -97.240  36.260   4 2015 10 01 05 56 35.  0.100 3.63 1.027 SLU|mw,3.65(mwm)
3.46  -97.703  37.102   6 2015 10 03 05 11 58.3 0.250 3.46 1.180 COM|ml,3.4ml,us
2.55  -98.005  35.637   2 2015 10 08 11 00 40.6 0.250 2.55 1.180 OGS|ml,OGS,2.2MLOGS
2.88  -98.016  37.203   7 2015 10 10 01 25 49.5 0.240 2.88 1.165 COM|mg,3.2mb_lg,us
3.00  -97.021  35.454   6 2015 10 10 12 53 04.3 0.250 3.00 1.180 COM|ml,2.8ml,us
4.4   -97.007  35.884   3 2015 10 10 22 03 08.1 0.100 4.38 1.027 OGS|mw,OGS,4.4MWUS
3.15  -96.776  36.329   6 2015 10 12 14 11 16.  0.250 3.15 1.180 COM|ml,3ml,us
3.15  -97.099  36.569   5 2015 10 12 17 11 35.3 0.250 3.15 1.180 COM|ml,3ml,us
3.00  -97.363  36.593   7 2015 10 14 00 22 49.3 0.250 3.00 1.180 COM|ml,2.8ml,us
2.77  -98.981  36.529   5 2015 10 15 12 13 38.8 0.250 2.77 1.180 OGS|ml,OGS,2.5MLOGS
2.68 -104.895  37.084   4 2015 10 18 01 47 30.7 0.240 2.68 1.165 COM|ml,3ml,us
2.70  -97.518  34.062   3 2015 10 20 20 22 12.7 0.250 2.70 1.180 OGS|ml,OGS,2.4MLOGS
2.77  -97.402  36.567   7 2015 10 26 05 05 23.3 0.250 2.77 1.180 OGS|ml,OGS,2.5MLOGS
2.85  -98.375  36.616   8 2015 10 26 10 56 22.5 0.250 2.85 1.180 OGS|ml,OGS,2.6MLOGS
3.00  -96.811  36.338   3 2015 10 27 16 21 35.8 0.250 3.00 1.180 OGS|ml,OGS,2.8MLOGS
2.88  -98.728  36.672   7 2015 10 27 21 03 56.3 0.240 2.88 1.165 COM|mg,3.2mb_lg,us
3.40  -97.610  37.150   8 2015 10 30 04 37 02.  0.100 3.38 1.027 SLU|mw,3.40(mwm)
2.93  -99.003  36.524   5 2015 11 01 07 32 28.9 0.250 2.93 1.180 OGS|ml,OGS,2.7MLOGS
2.70  -95.787  34.926   5 2015 11 01 22 30 17.3 0.250 2.70 1.180 OGS|ml,OGS,2.4MLOGS
2.93  -98.014  35.642   2 2015 11 06 06 25 59.5 0.250 2.93 1.180 COM|ml,2.7ml,us
2.84  -91.765  35.314   0 2015 11 06 21 15 22.8 0.250 2.84 1.180 COM|md,2.59md,nm
2.93  -98.800  36.192   5 2015 11 10 01 03 22.3 0.250 2.93 1.180 COM|ml,2.7ml,us
3.54  -97.554  36.319   6 2015 11 10 01 37 50.5 0.250 3.54 1.180 COM|ml,3.5ml,us
3.46  -97.400  35.674   6 2015 11 11 14 54 55.9 0.250 3.46 1.180 COM|ml,3.4ml,us
2.85  -96.887  35.581   6 2015 11 14 12 02 44.2 0.250 2.85 1.180 OGS|ml,OGS,2.6MLOGS
4.29  -98.730  36.450   8 2015 11 15 09 45 31.  0.100 4.27 1.027 SLU|mw,4.29(mwm)
3.23  -97.131  36.369   3 2015 11 17 16 50 49.8 0.250 3.23 1.180 COM|ml,3.1ml,us
2.85  -96.507  35.433   4 2015 11 19 01 44 56.6 0.250 2.85 1.180 COM|ml,2.6ml,us
4.64  -98.460  36.660   9 2015 11 19 07 42 12.  0.100 4.62 1.027 SLU|mw,4.64(mwm)
2.77  -97.810  34.841   5 2015 11 19 14 29 58.1 0.250 2.77 1.180 COM|ml,2.5ml,us
3.00  -96.793  36.328   2 2015 11 22 14 07 18.1 0.250 3.00 1.180 COM|ml,2.8ml,us
2.85  -97.647  35.024   5 2015 11 25 13 26 43.1 0.250 2.85 1.180 COM|ml,2.6ml,us
3.00  -97.973  37.203   8 2015 11 29 12 39 25.6 0.250 3.00 1.180 COM|ml,2.8ml,us
4.67  -98.020  36.750   5 2015 11 30 09 49 13.  0.100 4.65 1.027 SLU|mw,4.67(mwm)
3.38  -99.216  36.346   3 2015 11 30 19 47 11.4 0.250 3.38 1.180 COM|ml,3.3ml,us
2.93  -98.544  35.770   4 2015 11 30 22 54 39.  0.250 2.93 1.180 COM|ml,2.7ml,us
2.85  -96.654  36.275   6 2015 12 04 14 10 14.3 0.250 2.85 1.180 COM|ml,2.6ml,us
3.23  -97.806  34.804  11 2015 12 05 01 14 18.9 0.250 3.23 1.180 COM|ml,3.1ml,us
3.46  -97.120  36.447   7 2015 12 12 17 40 40.9 0.250 3.46 1.180 COM|ml,3.4ml,us
2.68  -97.342  32.964   5 2015 12 17 22 29 55.7 0.240 2.68 1.165 COM|mg,3mb_lg,us
2.64  -97.621  37.155   4 2015 12 24 00 33 14.3 0.250 2.64 1.180 COM|ml,2.32ml,ismpkansas
2.67  -97.932  37.211   5 2015 12 27 12 45 55.9 0.250 2.67 1.180 COM|ml,2.36ml,ismpkansas
4.3   -97.396  35.682   8 2015 12 29 11 39 19.4 0.100 4.28 1.027 COM|mw,4.3mwr,us
2.88 -104.943  37.125   5 2015 12 29 12 25 32.3 0.240 2.88 1.165 COM|ml,3.2ml,us
